Time - V_S	Amplitude - V_S	Time - V_C	Amplitude - V_C	Time - V_R	Amplitude - V_R
0	4.54772	0	0.361094	0	0.0866707
2.00E-06	4.65434	2.00E-06	0.559503	2.00E-06	0.170415
4.00E-06	4.23979	4.00E-06	0.900279	4.00E-06	0.249006
6.00E-06	3.71508	6.00E-06	1.34606	6.00E-06	0.322765
8.00E-06	3.10245	8.00E-06	1.86592	8.00E-06	0.392337
1.00E-05	-2.1261	1.00E-05	2.11297	1.00E-05	0.375588
1.20E-05	-2.95774	1.20E-05	2.51527	1.20E-05	0.351109
1.40E-05	-3.29916	1.40E-05	2.84993	1.40E-05	0.319866
1.60E-05	-3.5272	1.60E-05	3.07411	1.60E-05	0.277672
1.80E-05	-3.63896	1.80E-05	3.20166	1.80E-05	0.229036
2.00E-05	-3.6322	2.00E-05	3.21035	2.00E-05	0.182332
2.20E-05	-3.51431	2.20E-05	3.13112	2.20E-05	0.119202
2.40E-05	-3.29465	2.40E-05	2.95235	2.40E-05	0.0621917
2.60E-05	-2.98093	2.60E-05	2.69532	2.60E-05	0.00228243
2.80E-05	-2.58991	2.80E-05	2.36485	2.80E-05	-0.0531175
3.00E-05	-2.13995	3.00E-05	1.9822	3.00E-05	-0.106263
3.20E-05	-1.64586	3.20E-05	1.55767	3.20E-05	-0.150067
3.40E-05	-1.11924	3.40E-05	1.09708	3.40E-05	-0.186464
3.60E-05	-0.575551	3.60E-05	0.618124	3.60E-05	-0.220284
3.80E-05	-0.0370129	3.80E-05	0.135629	3.80E-05	-0.245729
4.00E-05	0.487677	4.00E-05	-0.33527	4.00E-05	-0.261189
4.20E-05	0.978547	4.20E-05	-0.772672	4.20E-05	-0.267631
4.40E-05	1.41627	4.40E-05	-1.17464	4.40E-05	-0.265054
4.60E-05	1.78894	4.60E-05	-1.51187	4.60E-05	-0.253137
4.80E-05	2.08881	4.80E-05	-1.79402	4.80E-05	-0.239287
5.00E-05	2.31363	5.00E-05	-2.00113	5.00E-05	-0.211265
5.20E-05	2.45375	5.20E-05	-2.1377	5.20E-05	-0.185175
5.40E-05	2.51398	5.40E-05	-2.21274	5.40E-05	-0.148135
5.60E-05	2.4953	5.60E-05	-2.20791	5.60E-05	-0.110772
5.80E-05	2.39899	5.80E-05	-2.14059	5.80E-05	-0.0676117
6.00E-05	2.22796	6.00E-05	-2.0066	6.00E-05	-0.0302489
6.20E-05	1.99282	6.20E-05	-1.80981	6.20E-05	0.00872428
6.40E-05	1.71035	6.40E-05	-1.56985	6.40E-05	0.046087
6.60E-05	1.38439	6.60E-05	-1.29446	6.60E-05	0.0821614
6.80E-05	1.02783	6.80E-05	-0.986218	6.80E-05	0.114049
7.00E-05	0.655809	7.00E-05	-0.655752	7.00E-05	0.137239
7.20E-05	0.275417	7.20E-05	-0.318522	7.20E-05	0.160108
7.40E-05	-0.100465	7.40E-05	0.018065	7.40E-05	0.173314
7.60E-05	-0.462175	7.60E-05	0.340158	7.60E-05	0.182332
7.80E-05	-0.790709	7.80E-05	0.640349	7.80E-05	0.185875
8.00E-05	-1.08156	8.00E-05	0.907043	8.00E-05	0.18201
8.20E-05	-1.32892	8.20E-05	1.13186	8.20E-05	0.171703
8.40E-05	-1.51992	8.40E-05	1.30193	8.40E-05	0.156887
8.60E-05	-1.65166	8.60E-05	1.43624	8.60E-05	0.136273
8.80E-05	-1.72832	8.80E-05	1.51773	8.80E-05	0.115337
9.00E-05	-1.74668	9.00E-05	1.54028	9.00E-05	0.0879591
9.20E-05	-1.70384	9.20E-05	1.51065	9.20E-05	0.0576824
9.40E-05	-1.60463	9.40E-05	1.44043	9.40E-05	0.0322371
9.60E-05	-1.45873	9.60E-05	1.31514	9.60E-05	2.78E-05
9.80E-05	-1.26901	9.80E-05	1.16053	9.80E-05	-0.0279943
1.00E-04	-1.04387	1.00E-04	0.969207	1.00E-04	-0.0524733
0.000102	-0.794252	0.000102	0.752437	0.000102	-0.075664
0.000104	-0.532391	0.000104	0.521818	0.000104	-0.0956337
0.000106	-0.259257	0.000106	0.281215	0.000106	-0.111416
0.000108	0.0129115	0.000108	0.0386789	0.000108	-0.123656
0.00011	0.273163	0.00011	-0.193872	0.00011	-0.131386
0.000112	0.514088	0.000112	-0.415149	0.000112	-0.134285
0.000114	0.730213	0.000114	-0.611948	0.000114	-0.131708
0.000116	0.915095	0.000116	-0.778469	0.000116	-0.125266
0.000118	1.05778	0.000118	-0.911171	0.000118	-0.115603
0.00012	1.15924	0.00012	-1.01102	0.00012	-0.0998209
0.000122	1.22173	0.000122	-1.07318	0.000122	-0.0824279
0.000124	1.23719	0.000124	-1.09509	0.000124	-0.0643907
0.000126	1.20852	0.000126	-1.07898	0.000126	-0.044421
0.000128	1.13959	0.000128	-1.02809	0.000128	-0.0228408
0.00013	1.03588	0.00013	-0.939837	0.00013	-0.000616404
0.000132	0.897058	0.000132	-0.824528	0.000132	0.0193533
0.000134	0.732146	0.000134	-0.682808	0.000134	0.0380347
0.000136	0.552739	0.000136	-0.52756	0.000136	0.0547835
0.000138	0.359483	0.000138	-0.356529	0.000138	0.0699219
0.00014	0.160108	0.00014	-0.181955	0.00014	0.0811951
0.000142	-0.0363687	0.000142	-0.00576989	0.000142	0.0892475
0.000144	-0.223182	0.000144	0.163007	0.000144	0.0937568
0.000146	-0.39679	0.000146	0.32051	0.000146	0.0956893
0.000148	-0.552683	0.000148	0.460943	0.000148	0.0940789
0.00015	-0.679587	0.00015	0.579151	0.00015	0.0882812
0.000152	-0.778147	0.000152	0.67127	0.000152	0.0789405
0.000154	-0.848041	0.000154	0.737299	0.000154	0.0686335
0.000156	-0.885404	0.000156	0.776272	0.000156	0.0570382
0.000158	-0.887336	0.000158	0.787868	0.000158	0.0428661
0.00016	-0.857704	0.00016	0.767254	0.00016	0.0245068
0.000162	-0.80166	0.000162	0.719906	0.000162	0.00840219
0.000164	-0.715339	0.000164	0.6513	0.000164	-0.00448152
0.000166	-0.605506	0.000166	0.55596	0.000166	-0.0212303
0.000168	-0.481822	0.000168	0.450314	0.000168	-0.0354024
0.00017	-0.344933	0.00017	0.330173	0.00017	-0.0469977
0.000172	-0.200636	0.000172	0.20359	0.000172	-0.0560163
0.000174	-0.0524733	0.000174	0.0744312	0.000174	-0.0640687
0.000176	0.0886033	0.000176	-0.0537617	0.000176	-0.0689
0.000178	0.222916	0.000178	-0.175513	0.000178	-0.0708326
0.00018	0.347566	0.00018	-0.285024	0.00018	-0.0714768
0.000182	0.451602	0.000182	-0.38294	0.000182	-0.0682559
0.000184	0.534702	0.000184	-0.460564	0.000184	-0.0634245
0.000186	0.596544	0.000186	-0.520151	0.000186	-0.0566605
0.000188	0.636806	0.000188	-0.557514	0.000188	-0.0466757
0.00019	0.650012	0.00019	-0.575551	0.00019	-0.0370129
0.000192	0.63745	0.000192	-0.571364	0.000192	-0.0257396
0.000194	0.605885	0.000194	-0.544953	0.000194	-0.0135001
0.000196	0.550485	0.000196	-0.499538	0.000196	-0.00158268
0.000198	0.476081	0.000198	-0.438018	0.000198	0.0106568
0.0002	0.386539	0.0002	-0.36297	0.0002	0.021608
0.000202	0.289589	0.000202	-0.276328	0.000202	0.0296603
0.000204	0.183299	0.000204	-0.182921	0.000204	0.0383568
0.000206	0.0734649	0.000206	-0.0885477	0.000206	0.0444766
0.000208	-0.0331478	0.000208	0.00775801	0.000208	0.0483417
0.00021	-0.133641	0.00021	0.100521	0.00021	0.0505963
0.000212	-0.228658	0.000212	0.184909	0.000212	0.0515626
0.000214	-0.313046	0.000214	0.259957	0.000214	0.0496301
0.000216	-0.378109	0.000216	0.323731	0.000216	0.0470533
0.000218	-0.428355	0.000218	0.371723	0.000218	0.0418998
0.00022	-0.463463	0.00022	0.402644	0.00022	0.0341696
0.000222	-0.477635	0.000222	0.420037	0.000222	0.0280498
0.000224	-0.47377	0.000224	0.421003	0.000224	0.0193533
0.000226	-0.451224	0.000226	0.403288	0.000226	0.0100127
0.000228	-0.416116	0.000228	0.373656	0.000228	0.00163824
0.00023	-0.362004	0.00023	0.331139	0.00023	-0.00738035
0.000232	-0.297908	0.000232	0.275739	0.000232	-0.0157548
0.000234	-0.226403	0.000234	0.212931	0.000234	-0.023485
0.000236	-0.148457	0.000236	0.14497	0.000236	-0.0292827
0.000238	-0.065357	0.000238	0.0731428	0.000238	-0.0344361
0.00024	0.0154882	0.00024	0.00131615	0.00024	-0.0383012
0.000242	0.0898917	0.000242	-0.0679338	0.000242	-0.0389454
0.000244	0.161718	0.000244	-0.132352	0.000244	-0.0402338
0.000246	0.226459	0.000246	-0.189041	0.000246	-0.0386233
0.000248	0.276706	0.000248	-0.237354	0.000248	-0.0363687
0.00025	0.315679	0.00025	-0.275361	0.00025	-0.0331478
0.000252	0.34209	0.000252	-0.300485	0.000252	-0.0279943
0.000254	0.356263	0.000254	-0.31369	0.000254	-0.0225187
0.000256	0.352075	0.000256	-0.314657	0.000256	-0.0163989
0.000258	0.336293	0.000258	-0.303705	0.000258	-0.009635
0.00026	0.310847	0.00026	-0.282125	0.00026	-0.00287105
0.000262	0.271874	0.000262	-0.249272	0.000262	0.00421499
0.000264	0.222272	0.000264	-0.208366	0.000264	0.0100127
0.000266	0.168804	0.000266	-0.161663	0.000266	0.0164545
0.000268	0.112116	0.000268	-0.110128	0.000268	0.0206417
0.00027	0.0502742	0.00027	-0.0569826	0.00027	0.0238626
0.000272	-0.0118896	0.000272	-0.00254896	0.000272	0.0274057
0.000274	-0.0676117	0.000274	0.0496301	0.000274	0.0280498
0.000276	-0.120757	0.000276	0.0976219	0.000276	0.028694
0.000278	-0.169715	0.000278	0.140782	0.000278	0.0270836
0.00028	-0.207722	0.00028	0.176535	0.00028	0.025151
0.000282	-0.235744	0.000282	0.20359	0.000282	0.0228964
0.000284	-0.255069	0.000284	0.222594	0.000284	0.0193533
0.000286	-0.265699	0.000286	0.23129	0.000286	0.0151661
0.000288	-0.262478	0.000288	0.232257	0.000288	0.00969056
0.00029	-0.249272	0.00029	0.223882	0.00029	0.00518126
0.000292	-0.229624	0.000292	0.206167	0.000292	-0.000294312
0.000294	-0.200314	0.000294	0.181366	0.000294	-0.00448152
0.000296	-0.162629	0.000296	0.151089	0.000296	-0.00995709
0.000298	-0.121401	0.000298	0.115337	0.000298	-0.0141443
0.0003	-0.0785628	0.0003	0.0763638	0.0003	-0.0170431
0.000302	-0.0325036	0.000302	0.0367463	0.000302	-0.019942
0.000304	0.0141999	0.000304	-0.00448152	0.000304	-0.0215524
0.000306	0.0567161	0.000306	-0.0431326	0.000306	-0.0221966
0.000308	0.0953672	0.000308	-0.079207	0.000308	-0.0225187
0.00031	0.13112	0.00031	-0.111094	0.00031	-0.0228408
0.000312	0.160108	0.000312	-0.136862	0.000312	-0.019942
0.000314	0.179433	0.000314	-0.157798	0.000314	-0.0186536
0.000316	0.192639	0.000316	-0.170037	0.000316	-0.0151106
0.000318	0.200047	0.000318	-0.176479	0.000318	-0.0125338
0.00032	0.196826	0.00032	-0.176479	0.00032	-0.00802454
0.000322	0.185231	0.000322	-0.16746	0.000322	-0.00448152
0.000324	0.167838	0.000324	-0.153932	0.000324	-0.000294312
0.000326	0.146902	0.000326	-0.134929	0.000326	0.00324871
0.000328	0.117592	0.000328	-0.111094	0.000328	0.00646963
0.00033	0.0857044	0.00033	-0.0837163	0.00033	0.0100127
0.000332	0.052851	0.000332	-0.054728	0.000332	0.0125894
0.000334	0.0187092	0.000334	-0.0238071	0.000334	0.014522
0.000336	-0.0163989	0.000336	0.00711382	0.000336	0.0151661
0.000338	-0.0502187	0.000338	0.0361022	0.000338	0.0154882
0.00034	-0.075664	0.00034	0.0625138	0.00034	0.0161324
0.000342	-0.102398	0.000342	0.0857044	0.000342	0.0141999
0.000344	-0.1243	0.000344	0.10503	0.000344	0.0138778
0.000346	-0.137828	0.000346	0.118236	0.000346	0.0116231
0.000348	-0.145558	0.000348	0.127577	0.000348	0.0103347
0.00035	-0.149101	0.00035	0.13112	0.00035	0.00743591
0.000352	-0.147813	0.000352	0.129509	0.000352	0.00453708
0.000354	-0.136217	0.000354	0.122101	0.000354	0.000994059
0.000356	-0.123012	0.000356	0.11115	0.000356	-0.00190477
0.000358	-0.105619	0.000358	0.0953672	0.000358	-0.00448152
0.00036	-0.0830721	0.00036	0.0770079	0.00036	-0.00705826
0.000362	-0.0576268	0.000362	0.056394	0.000362	-0.00931291
0.000364	-0.0321815	0.000364	0.0328812	0.000364	-0.0106013
0.000366	-0.00834663	0.000366	0.0103347	0.000366	-0.0125338
0.000368	0.0183871	0.000368	-0.0138222	0.000368	-0.0125338
0.00037	0.0438324	0.00037	-0.0350803	0.00037	-0.0128559
0.000372	0.06348	0.000372	-0.0540838	0.000372	-0.013178
0.000374	0.0811951	0.000374	-0.0708326	0.000374	-0.0122117
0.000376	0.0969777	0.000376	-0.0840384	0.000376	-0.0115676
0.000378	0.106963	0.000378	-0.0937012	0.000378	-0.009635
0.00038	0.110828	0.00038	-0.0991767	0.00038	-0.00802454
0.000382	0.112116	0.000382	-0.101431	0.000382	-0.00609198
0.000384	0.109539	0.000384	-0.0985326	0.000384	-0.00383733
0.000386	0.101165	0.000386	-0.0924128	0.000386	-0.00158268
0.000388	0.0882812	0.000388	-0.0837163	0.000388	0.000671966
0.00039	0.0747533	0.00039	-0.0705105	0.00039	0.00260452
0.000392	0.0592928	0.000392	-0.0553722	0.000392	0.00453708
0.000394	0.0380347	0.000394	-0.0389454	0.000394	0.00614754
0.000396	0.018065	0.000396	-0.0221966	0.000396	0.00711382
0.000398	0.000671966	0.000398	-0.00480361	0.000398	0.00872428
0.0004	-0.0189757	0.0004	0.0129115	0.0004	0.0080801
0.000402	-0.0383012	0.000402	0.0296603	0.000402	0.00775801
0.000404	-0.0531175	0.000404	0.0428661	0.000404	0.0080801
0.000406	-0.0643907	0.000406	0.0544614	0.000406	0.00711382
0.000408	-0.0753419	0.000408	0.0644463	0.000408	0.00743591
0.00041	-0.08275	0.00041	0.0708882	0.00041	0.00582545
0.000412	-0.0850047	0.000412	0.073787	0.000412	0.00421499
0.000414	-0.0833942	0.000414	0.0741091	0.000414	0.00260452
0.000416	-0.0821058	0.000416	0.0715324	0.000416	0.000671966
0.000418	-0.0743756	0.000418	0.066701	0.000418	-0.000294312
0.00042	-0.0631024	0.00042	0.0583266	0.00042	-0.00254896
0.000422	-0.0518291	0.000422	0.0480196	0.000422	-0.00351524
0.000424	-0.0405559	0.000424	0.0367463	0.000424	-0.00576989
0.000426	-0.0244513	0.000426	0.0232185	0.000426	-0.00641407
0.000428	-0.00866872	0.000428	0.0103347	0.000428	-0.00705826
0.00043	0.00518126	0.00043	-0.00351524	0.00043	-0.00738035
0.000432	0.0183871	0.000432	-0.0160769	0.000432	-0.00802454
0.000434	0.0332033	0.000434	-0.0276722	0.000434	-0.00802454
0.000436	0.0451208	0.000436	-0.0376571	0.000436	-0.00738035
0.000438	0.0518847	0.000438	-0.0466757	0.000438	-0.00641407
0.00044	0.059937	0.00044	-0.0527954	0.00044	-0.00576989
0.000442	0.0650905	0.000442	-0.0566605	0.000442	-0.00544779
0.000444	0.0638021	0.000444	-0.0585931	0.000444	-0.00415942
0.000446	0.0628359	0.000446	-0.0579489	0.000446	-0.00287105
0.000448	0.0596149	0.000448	-0.0553722	0.000448	-0.00158268
0.00045	0.0551056	0.00045	-0.0502187	0.00045	-0.000294312
0.000452	0.0451208	0.000452	-0.0440989	0.000452	0.000994059
0.000454	0.0357801	0.000454	-0.0360466	0.000454	0.00196034
0.000456	0.0274057	0.000456	-0.0260617	0.000456	0.00324871
0.000458	0.014844	0.000458	-0.0163989	0.000458	0.00389289
0.00046	0.00260452	0.00046	-0.00673617	0.00046	0.00453708
0.000462	-0.00866872	0.000462	0.00421499	0.000462	0.00389289
0.000464	-0.0173652	0.000464	0.0135557	0.000464	0.00421499
0.000466	-0.0276722	0.000466	0.0219301	0.000466	0.00421499
0.000468	-0.0363687	0.000468	0.0293382	0.000468	0.0035708
0.00047	-0.040878	0.00047	0.0351359	0.00047	0.00389289
0.000472	-0.0453873	0.000472	0.0393231	0.000472	0.00260452
0.000474	-0.0492524	0.000474	0.0415777	0.000474	0.00196034
0.000476	-0.0502187	0.000476	0.042544	0.000476	0.00131615
0.000478	-0.0453873	0.000478	0.0415777	0.000478	0.000349874
0.00048	-0.0428105	0.00048	0.0386789	0.00048	-0.000616404
0.000482	-0.0392675	0.000482	0.0344917	0.000482	-0.00158268
0.000484	-0.0321815	0.000484	0.028694	0.000484	-0.00222687
0.000486	-0.0238071	0.000486	0.0222522	0.000486	-0.00383733
0.000488	-0.0163989	0.000488	0.014844	0.000488	-0.00383733
0.00049	-0.00866872	0.00049	0.0080801	0.00049	-0.0051257
0.000492	0.00163824	0.000492	-0.000294312	0.000492	-0.00383733
0.000494	0.0100127	0.000494	-0.00770244	0.000494	-0.00415942
0.000496	0.0158103	0.000496	-0.0151106	0.000496	-0.00480361
0.000498	0.0235405	0.000498	-0.0212303	0.000498	-0.00480361
0.0005	0.0303045	0.0005	-0.0260617	0.0005	-0.00448152
0.000502	0.0341696	0.000502	-0.030571	0.000502	-0.00383733
0.000504	0.0348138	0.000504	-0.0328257	0.000504	-0.00319315
0.000506	0.0373905	0.000506	-0.0344361	0.000506	-0.00287105
0.000508	0.0377126	0.000508	-0.0350803	0.000508	-0.00222687
0.00051	0.0348138	0.00051	-0.0331478	0.00051	-0.00126059
0.000512	0.0312708	0.000512	-0.030571	0.000512	-0.000616404
0.000514	0.0290161	0.000514	-0.0263838	0.000514	0.000349874
0.000516	0.0238626	0.000516	-0.0225187	0.000516	0.000349874
0.000518	0.0151661	0.000518	-0.0176873	0.000518	0.00196034
0.00052	0.0106568	0.00052	-0.0115676	0.00052	0.00196034
0.000522	0.00453708	0.000522	-0.00544779	0.000522	0.00260452
0.000524	-0.00287105	0.000524	0.000994059	0.000524	0.00163824
0.000526	-0.00995709	0.000526	0.00582545	0.000526	0.00163824
0.000528	-0.0144664	0.000528	0.011301	0.000528	0.00228243
0.00053	-0.0180094	0.00053	0.0164545	0.00053	0.00196034
0.000532	-0.0247734	0.000532	0.0193533	0.000532	0.000994059
0.000534	-0.0267059	0.000534	0.021608	0.000534	0.000994059
0.000536	-0.0267059	0.000536	0.0238626	0.000536	0.000671966
0.000538	-0.0279943	0.000538	0.0241847	0.000538	0.000349874
0.00054	-0.0286385	0.00054	0.0235405	0.00054	-0.000294312
0.000542	-0.0260617	0.000542	0.0225743	0.000542	-0.000938497
0.000544	-0.0215524	0.000544	0.0209638	0.000544	-0.00126059
0.000546	-0.0196199	0.000546	0.0170987	0.000546	-0.00190477
0.000548	-0.016721	0.000548	0.0132336	0.000548	-0.00254896
0.00055	-0.00931291	0.00055	0.00936847	0.00055	-0.00254896
0.000552	-0.0051257	0.000552	0.00453708	0.000552	-0.00319315
0.000554	-0.00158268	0.000554	0.000994059	0.000554	-0.00383733
0.000556	0.00324871	0.000556	-0.00383733	0.000556	-0.00254896
0.000558	0.0106568	0.000558	-0.00834663	0.000558	-0.00287105
0.00056	0.0132336	0.00056	-0.0128559	0.00056	-0.00287105
0.000562	0.0151661	0.000562	-0.0154327	0.000562	-0.00287105
0.000564	0.0199975	0.000564	-0.0176873	0.000564	-0.00254896
0.000566	0.0219301	0.000566	-0.0192978	0.000566	-0.00190477
0.000568	0.0212859	0.000568	-0.0205861	0.000568	-0.00126059
0.00057	0.0209638	0.00057	-0.0205861	0.00057	-0.000938497
0.000572	0.0212859	0.000572	-0.019942	0.000572	-0.00126059
0.000574	0.0199975	0.000574	-0.0189757	0.000574	-0.000616404
0.000576	0.014844	0.000576	-0.016721	0.000576	2.78E-05
0.000578	0.0138778	0.000578	-0.0144664	0.000578	0.000349874
0.00058	0.0116231	0.00058	-0.0112455	0.00058	0.000671966
0.000582	0.00614754	0.000582	-0.00770244	0.000582	0.00131615
0.000584	0.00196034	0.000584	-0.00448152	0.000584	0.00131615
0.000586	-0.000616404	0.000586	-0.000294312	0.000586	0.000994059
0.000588	-0.00287105	0.000588	0.00260452	0.000588	0.000349874
0.00059	-0.00802454	0.00059	0.00550336	0.00059	0.000349874
0.000592	-0.0115676	0.000592	0.00840219	0.000592	0.000671966
0.000594	-0.0118896	0.000594	0.0106568	0.000594	2.78E-05
0.000596	-0.0154327	0.000596	0.0122673	0.000596	2.78E-05
0.000598	-0.016721	0.000598	0.0132336	0.000598	0.000349874
0.0006	-0.016721	0.0006	0.0135557	0.0006	2.78E-05
0.000602	-0.0141443	0.000602	0.0138778	0.000602	-0.000294312
0.000604	-0.0160769	0.000604	0.0129115	0.000604	-0.000938497
0.000606	-0.0147885	0.000606	0.011301	0.000606	-0.00190477
0.000608	-0.0106013	0.000608	0.0100127	0.000608	-0.00126059
0.00061	-0.00802454	0.00061	0.00775801	0.00061	-0.00222687
0.000612	-0.00738035	0.000612	0.00550336	0.000612	-0.00254896
0.000614	-0.00448152	0.000614	0.0035708	0.000614	-0.00254896
0.000616	0.000671966	0.000616	0.000349874	0.000616	-0.00126059
0.000618	0.00196034	0.000618	-0.00287105	0.000618	-0.00158268
0.00062	0.00421499	0.00062	-0.00576989	0.00062	-0.00126059
0.000622	0.00775801	0.000622	-0.00738035	0.000622	-0.00190477
0.000624	0.0100127	0.000624	-0.00931291	0.000624	-0.00158268
0.000626	0.0100127	0.000626	-0.0106013	0.000626	-0.00126059
0.000628	0.0103347	0.000628	-0.0115676	0.000628	-0.00190477
0.00063	0.0135557	0.00063	-0.0128559	0.00063	-0.00126059
0.000632	0.0129115	0.000632	-0.0128559	0.000632	-0.000938497
0.000634	0.0109789	0.000634	-0.0122117	0.000634	-0.000294312
0.000636	0.011301	0.000636	-0.0115676	0.000636	-0.000938497
0.000638	0.011301	0.000638	-0.0106013	0.000638	-0.000294312
0.00064	0.00872428	0.00064	-0.00899081	0.00064	2.78E-05
0.000642	0.00485917	0.000642	-0.00738035	0.000642	2.78E-05
0.000644	0.00485917	0.000644	-0.0051257	0.000644	0.000671966
0.000646	0.00292662	0.000646	-0.00319315	0.000646	0.000349874
0.000648	-0.000938497	0.000648	-0.000938497	0.000648	0.000994059
0.00065	-0.00190477	0.00065	0.000994059	0.00065	2.78E-05
0.000652	-0.00351524	0.000652	0.00260452	0.000652	2.78E-05
0.000654	-0.0051257	0.000654	0.00421499	0.000654	-0.000294312
0.000656	-0.00866872	0.000656	0.00614754	0.000656	-0.000294312
0.000658	-0.00866872	0.000658	0.00646963	0.000658	-0.000616404
0.00066	-0.00770244	0.00066	0.00679173	0.00066	-0.000616404
0.000662	-0.00995709	0.000662	0.00743591	0.000662	-0.000616404
0.000664	-0.0102792	0.000664	0.00711382	0.000664	-0.000616404
0.000666	-0.00931291	0.000666	0.00743591	0.000666	-0.000938497
0.000668	-0.00673617	0.000668	0.00614754	0.000668	-0.000938497
0.00067	-0.00770244	0.00067	0.00550336	0.00067	-0.00158268
0.000672	-0.00705826	0.000672	0.00421499	0.000672	-0.00158268
0.000674	-0.00287105	0.000674	0.0035708	0.000674	-0.00222687
0.000676	-0.00254896	0.000676	0.00131615	0.000676	-0.00222687
0.000678	-0.00126059	0.000678	2.78E-05	0.000678	-0.000938497
0.00068	0.00131615	0.00068	-0.00158268	0.00068	-0.000938497
0.000682	0.00389289	0.000682	-0.00319315	0.000682	-0.00126059
0.000684	0.00292662	0.000684	-0.00480361	0.000684	-0.000938497
0.000686	0.00421499	0.000686	-0.00576989	0.000686	-0.00158268
0.000688	0.00711382	0.000688	-0.00673617	0.000688	-0.000294312
0.00069	0.00743591	0.00069	-0.00770244	0.00069	-0.000938497
0.000692	0.00582545	0.000692	-0.00738035	0.000692	-0.000938497
0.000694	0.00711382	0.000694	-0.00866872	0.000694	-0.000616404
0.000696	0.00775801	0.000696	-0.00770244	0.000696	-0.000938497
0.000698	0.00614754	0.000698	-0.00770244	0.000698	2.78E-05
0.0007	0.00453708	0.0007	-0.00705826	0.0007	-0.000294312
0.000702	0.00582545	0.000702	-0.00673617	0.000702	2.78E-05
0.000704	0.00453708	0.000704	-0.0051257	0.000704	0.000349874
0.000706	0.00196034	0.000706	-0.00480361	0.000706	-0.000294312
0.000708	0.000671966	0.000708	-0.00319315	0.000708	2.78E-05
0.00071	0.00228243	0.00071	-0.00190477	0.00071	2.78E-05
0.000712	-0.000294312	0.000712	-0.000294312	0.000712	0.000349874
0.000714	-0.00383733	0.000714	0.000671966	0.000714	-0.000294312
0.000716	-0.00287105	0.000716	0.00196034	0.000716	2.78E-05
0.000718	-0.00319315	0.000718	0.00260452	0.000718	-0.000294312
0.00072	-0.00544779	0.00072	0.00324871	0.00072	-0.000616404
0.000722	-0.00641407	0.000722	0.00389289	0.000722	-0.00126059
0.000724	-0.00480361	0.000724	0.00421499	0.000724	-0.000938497
0.000726	-0.00383733	0.000726	0.00421499	0.000726	-0.000938497
0.000728	-0.00576989	0.000728	0.00421499	0.000728	-0.000938497
0.00073	-0.0051257	0.00073	0.0035708	0.00073	-0.00158268
0.000732	-0.00383733	0.000732	0.00292662	0.000732	-0.000938497
0.000734	-0.00319315	0.000734	0.00228243	0.000734	-0.00126059
0.000736	-0.00351524	0.000736	0.00163824	0.000736	-0.000938497
0.000738	-0.00126059	0.000738	0.000671966	0.000738	-0.00190477
0.00074	0.000994059	0.00074	-0.000616404	0.00074	-0.000616404
0.000742	-0.000616404	0.000742	-0.000616404	0.000742	-0.000616404
0.000744	0.000349874	0.000744	-0.00190477	0.000744	-0.000938497
0.000746	0.00324871	0.000746	-0.00351524	0.000746	-0.000616404
0.000748	0.00292662	0.000748	-0.00415942	0.000748	-0.000938497
0.00075	0.00292662	0.00075	-0.00480361	0.00075	-0.000616404
0.000752	0.00324871	0.000752	-0.0051257	0.000752	-0.000294312
0.000754	0.00582545	0.000754	-0.0051257	0.000754	-0.000294312
0.000756	0.00421499	0.000756	-0.00544779	0.000756	-0.000616404
0.000758	0.0035708	0.000758	-0.0051257	0.000758	-0.000616404
0.00076	0.00485917	0.00076	-0.0051257	0.00076	-0.000616404
0.000762	0.00453708	0.000762	-0.00480361	0.000762	-0.000938497
0.000764	0.00228243	0.000764	-0.00480361	0.000764	-0.000616404
0.000766	0.00131615	0.000766	-0.00319315	0.000766	2.78E-05
0.000768	0.00292662	0.000768	-0.00319315	0.000768	2.78E-05
0.00077	0.00163824	0.00077	-0.00222687	0.00077	0.000349874
0.000772	-0.000616404	0.000772	-0.00158268	0.000772	0.000671966
0.000774	-0.000294312	0.000774	2.78E-05	0.000774	-0.000294312
0.000776	2.78E-05	0.000776	2.78E-05	0.000776	-0.000294312
0.000778	-0.00190477	0.000778	0.000349874	0.000778	-0.000616404
0.00078	-0.00383733	0.00078	0.000671966	0.00078	2.78E-05
0.000782	-0.00222687	0.000782	0.00163824	0.000782	-0.000294312
0.000784	-0.00222687	0.000784	0.00196034	0.000784	-0.00158268
0.000786	-0.00383733	0.000786	0.00196034	0.000786	-0.000938497
0.000788	-0.00351524	0.000788	0.00196034	0.000788	-0.000616404
0.00079	-0.00126059	0.00079	0.00196034	0.00079	-0.00126059
0.000792	-0.00222687	0.000792	0.00196034	0.000792	-0.000938497
0.000794	-0.00383733	0.000794	0.00131615	0.000794	-0.00126059
0.000796	-0.00190477	0.000796	0.000671966	0.000796	-0.000938497
0.000798	-0.000294312	0.000798	0.000671966	0.000798	-0.00158268
0.0008	-0.000938497	0.0008	-0.000294312	0.0008	-0.000616404
0.000802	-0.00158268	0.000802	-0.000616404	0.000802	-0.000616404
0.000804	2.78E-05	0.000804	-0.000938497	0.000804	-0.000616404
0.000806	0.00196034	0.000806	-0.00190477	0.000806	-0.000294312
0.000808	2.78E-05	0.000808	-0.00190477	0.000808	-0.000616404
0.00081	0.00131615	0.00081	-0.00254896	0.00081	-0.000616404
0.000812	0.00260452	0.000812	-0.00319315	0.000812	-0.000938497
0.000814	0.00163824	0.000814	-0.00287105	0.000814	-0.000294312
0.000816	0.00131615	0.000816	-0.00351524	0.000816	2.78E-05
0.000818	0.00228243	0.000818	-0.00319315	0.000818	-0.000938497
0.00082	0.0035708	0.00082	-0.00319315	0.00082	-0.000294312
0.000822	0.00163824	0.000822	-0.00351524	0.000822	2.78E-05
0.000824	0.00163824	0.000824	-0.00351524	0.000824	-0.000294312
0.000826	0.00260452	0.000826	-0.00287105	0.000826	2.78E-05
0.000828	0.000994059	0.000828	-0.00254896	0.000828	-0.000294312
0.00083	0.000349874	0.00083	-0.00190477	0.00083	-0.000294312
0.000832	0.000349874	0.000832	-0.00126059	0.000832	-0.000294312
0.000834	0.00131615	0.000834	-0.00126059	0.000834	-0.000294312
0.000836	-0.000294312	0.000836	-0.000938497	0.000836	-0.000616404
0.000838	-0.00158268	0.000838	2.78E-05	0.000838	2.78E-05
0.00084	0.000349874	0.00084	0.000671966	0.00084	-0.000294312
0.000842	-0.000616404	0.000842	0.000349874	0.000842	-0.000294312
0.000844	-0.00222687	0.000844	2.78E-05	0.000844	2.78E-05
0.000846	-0.00190477	0.000846	0.000349874	0.000846	-0.000616404
0.000848	-0.000938497	0.000848	0.00131615	0.000848	-0.000616404
0.00085	-0.00126059	0.00085	0.000994059	0.00085	-0.00126059
0.000852	-0.00319315	0.000852	0.000994059	0.000852	-0.000938497
0.000854	-0.00158268	0.000854	0.000994059	0.000854	-0.00190477
0.000856	-0.000616404	0.000856	0.00131615	0.000856	-0.00126059
0.000858	-0.00222687	0.000858	2.78E-05	0.000858	-0.000294312
0.00086	-0.00222687	0.00086	2.78E-05	0.00086	-0.000294312
0.000862	2.78E-05	0.000862	-0.000294312	0.000862	-0.000616404
0.000864	0.000994059	0.000864	-0.00158268	0.000864	-0.000938497
0.000866	-0.000938497	0.000866	-0.000294312	0.000866	-0.00126059
0.000868	0.000349874	0.000868	-0.00126059	0.000868	-0.000616404
0.00087	0.00228243	0.00087	-0.00190477	0.00087	-0.00126059
0.000872	0.000671966	0.000872	-0.00222687	0.000872	-0.000616404
0.000874	2.78E-05	0.000874	-0.00222687	0.000874	-0.000616404
0.000876	0.000994059	0.000876	-0.00254896	0.000876	-0.000938497
0.000878	0.0035708	0.000878	-0.00287105	0.000878	-0.000294312
0.00088	0.000994059	0.00088	-0.00222687	0.00088	-0.000616404
0.000882	0.000994059	0.000882	-0.00254896	0.000882	-0.000294312
0.000884	0.00260452	0.000884	-0.00287105	0.000884	-0.000294312
0.000886	0.00196034	0.000886	-0.00254896	0.000886	-0.000616404
0.000888	0.000671966	0.000888	-0.00190477	0.000888	-0.000294312
0.00089	0.000994059	0.00089	-0.00254896	0.00089	-0.000294312
0.000892	0.00228243	0.000892	-0.00222687	0.000892	-0.000616404
0.000894	-0.000294312	0.000894	-0.000938497	0.000894	2.78E-05
0.000896	-0.00126059	0.000896	-0.000938497	0.000896	-0.000294312
0.000898	0.000349874	0.000898	-0.000616404	0.000898	2.78E-05
0.0009	0.000671966	0.0009	-0.000616404	0.0009	-0.000294312
0.000902	-0.000938497	0.000902	0.000349874	0.000902	2.78E-05
0.000904	-0.00222687	0.000904	2.78E-05	0.000904	2.78E-05
0.000906	0.000349874	0.000906	2.78E-05	0.000906	-0.000294312
0.000908	-0.000616404	0.000908	0.000671966	0.000908	2.78E-05
0.00091	-0.00190477	0.00091	-0.000294312	0.00091	-0.000616404
0.000912	-0.000938497	0.000912	0.000349874	0.000912	-0.000294312
0.000914	0.000349874	0.000914	0.000671966	0.000914	-0.000938497
0.000916	-0.000616404	0.000916	0.000349874	0.000916	-0.000294312
0.000918	-0.00222687	0.000918	2.78E-05	0.000918	-0.000294312
0.00092	0.000671966	0.00092	-0.000616404	0.00092	-0.000294312
0.000922	0.000349874	0.000922	0.000349874	0.000922	-0.000616404
0.000924	-0.00190477	0.000924	-0.000294312	0.000924	-0.000616404
0.000926	-0.000294312	0.000926	-0.000616404	0.000926	-0.000294312
0.000928	0.00196034	0.000928	-0.00126059	0.000928	2.78E-05
0.00093	0.00131615	0.00093	-0.00158268	0.00093	-0.000616404
0.000932	-0.00126059	0.000932	-0.00158268	0.000932	-0.000616404
0.000934	0.00163824	0.000934	-0.00190477	0.000934	-0.000616404
0.000936	0.00196034	0.000936	-0.00190477	0.000936	-0.000294312
0.000938	0.000671966	0.000938	-0.00190477	0.000938	-0.000616404
0.00094	0.000671966	0.00094	-0.00190477	0.00094	-0.000616404
0.000942	0.00163824	0.000942	-0.00254896	0.000942	-0.000616404
0.000944	0.00163824	0.000944	-0.00222687	0.000944	0.000349874
0.000946	2.78E-05	0.000946	-0.00158268	0.000946	-0.000294312
0.000948	0.000994059	0.000948	-0.00190477	0.000948	-0.000294312
0.00095	0.00292662	0.00095	-0.00190477	0.00095	-0.000616404
0.000952	0.000994059	0.000952	-0.00222687	0.000952	2.78E-05
0.000954	-0.000616404	0.000954	-0.00158268	0.000954	-0.000294312
0.000956	0.000349874	0.000956	-0.00126059	0.000956	-0.000294312
0.000958	0.00196034	0.000958	-0.000938497	0.000958	-0.000294312
0.00096	-0.000938497	0.00096	-0.00126059	0.00096	-0.000294312
0.000962	-0.00126059	0.000962	2.78E-05	0.000962	-0.000294312
0.000964	0.000671966	0.000964	-0.00158268	0.000964	2.78E-05
0.000966	-0.000294312	0.000966	-0.000294312	0.000966	-0.000616404
0.000968	-0.00190477	0.000968	2.78E-05	0.000968	-0.000938497
0.00097	-0.000616404	0.00097	2.78E-05	0.00097	-0.000616404
0.000972	0.00131615	0.000972	-0.000616404	0.000972	2.78E-05
0.000974	-0.000938497	0.000974	-0.000294312	0.000974	2.78E-05
0.000976	-0.00158268	0.000976	-0.000616404	0.000976	-0.000294312
0.000978	0.000349874	0.000978	-0.000294312	0.000978	-0.000616404
0.00098	0.000671966	0.00098	-0.00126059	0.00098	-0.000616404
0.000982	-0.00126059	0.000982	-0.000616404	0.000982	-0.000294312
0.000984	-0.000938497	0.000984	-0.000294312	0.000984	-0.000938497
0.000986	0.000994059	0.000986	-0.00126059	0.000986	-0.000294312
0.000988	0.000349874	0.000988	-0.000616404	0.000988	-0.000294312
0.00099	-0.000938497	0.00099	-0.000616404	0.00099	-0.000616404
0.000992	0.000349874	0.000992	-0.000938497	0.000992	-0.000294312
0.000994	0.00163824	0.000994	-0.00158268	0.000994	-0.000616404
0.000996	-0.000294312	0.000996	-0.00126059	0.000996	-0.000616404
0.000998	-0.000294312	0.000998	-0.000938497	0.000998	-0.000616404