TimeV_S	AmplitudeV_S	TimeV_C	AmplitudeV_C	TimeV_R	AmplitudeV_R

1.40E-05	-1.64683	1.40E-05	0.936997	1.40E-05	0.555316
1.60E-05	-1.72832	1.60E-05	1.06261	1.60E-05	0.513122
1.80E-05	-1.80047	1.80E-05	1.17599	1.80E-05	0.469639
2.00E-05	-1.84588	2.00E-05	1.26296	2.00E-05	0.422936
2.20E-05	-1.87551	2.20E-05	1.34702	2.20E-05	0.373333
2.40E-05	-1.88518	2.40E-05	1.4079	2.40E-05	0.323087
2.60E-05	-1.8913	2.60E-05	1.45106	2.60E-05	0.274773
2.80E-05	-1.87165	2.80E-05	1.48617	2.80E-05	0.227103
3.00E-05	-1.83557	3.00E-05	1.5129	3.00E-05	0.176213
3.20E-05	-1.79241	3.20E-05	1.51451	3.20E-05	0.127899
3.40E-05	-1.73154	3.40E-05	1.50646	3.40E-05	0.0818393
3.60E-05	-1.65649	3.60E-05	1.48907	3.60E-05	0.0344917
3.80E-05	-1.57275	3.80E-05	1.4604	3.80E-05	-0.00480361
4.00E-05	-1.48578	4.00E-05	1.41885	4.00E-05	-0.0498966
4.20E-05	-1.38336	4.20E-05	1.36216	4.20E-05	-0.089514
4.40E-05	-1.27675	4.40E-05	1.30418	4.40E-05	-0.120435
4.60E-05	-1.1653	4.60E-05	1.23655	4.60E-05	-0.154899
4.80E-05	-1.05096	4.80E-05	1.16665	4.80E-05	-0.187752
5.00E-05	-0.928242	5.00E-05	1.08258	5.00E-05	-0.216096
5.20E-05	-0.801982	5.20E-05	0.996907	5.20E-05	-0.239609
5.40E-05	-0.685063	5.40E-05	0.907043	5.40E-05	-0.2628
5.60E-05	-0.560413	5.60E-05	0.810736	5.60E-05	-0.279226
5.80E-05	-0.434475	5.80E-05	0.714753	5.80E-05	-0.293721
6.00E-05	-0.318522	6.00E-05	0.618769	6.00E-05	-0.303705
6.20E-05	-0.202891	6.20E-05	0.51892	6.20E-05	-0.312724
6.40E-05	-0.0911244	6.40E-05	0.419071	6.40E-05	-0.316911
6.60E-05	0.0209638	6.60E-05	0.321476	6.60E-05	-0.320454
6.80E-05	0.121135	6.80E-05	0.226137	6.80E-05	-0.321098
7.00E-05	0.214542	7.00E-05	0.133696	7.00E-05	-0.316267
7.20E-05	0.309881	7.20E-05	0.0444766	7.20E-05	-0.311758
7.40E-05	0.392659	7.40E-05	-0.0405559	7.40E-05	-0.303383
7.60E-05	0.464808	7.60E-05	-0.122045	7.60E-05	-0.293076
7.80E-05	0.53438	7.80E-05	-0.197415	7.80E-05	-0.281803
8.00E-05	0.597833	8.00E-05	-0.268919	8.00E-05	-0.267631
8.20E-05	0.650012	8.20E-05	-0.333016	8.20E-05	-0.251204
8.40E-05	0.690273	8.40E-05	-0.392925	8.40E-05	-0.2351
8.60E-05	0.72828	8.60E-05	-0.448325	8.60E-05	-0.217707
8.80E-05	0.76049	8.80E-05	-0.490519	8.80E-05	-0.198381
9.00E-05	0.775628	9.00E-05	-0.532391	9.00E-05	-0.178089
9.20E-05	0.78819	9.20E-05	-0.564922	9.20E-05	-0.157475
9.40E-05	0.79592	9.40E-05	-0.593266	9.40E-05	-0.136539
9.60E-05	0.797853	9.60E-05	-0.615169	9.60E-05	-0.115926
9.80E-05	0.784325	9.80E-05	-0.628696	9.80E-05	-0.0959558
1.00E-04	0.772407	1.00E-04	-0.637715	1.00E-04	-0.0740535
0.000102	0.755658	0.000102	-0.638359	0.000102	-0.0540838
0.000104	0.727314	0.000104	-0.639325	0.000104	-0.0366908
0.000106	0.696715	0.000106	-0.630629	0.000106	-0.0138222
0.000108	0.660641	0.000108	-0.618067	0.000108	0.00260452
0.00011	0.627465	0.00011	-0.600352	0.00011	0.0177429
0.000112	0.578829	0.000112	-0.579094	0.000112	0.0364243
0.000114	0.535346	0.000114	-0.554937	0.000114	0.0525289
0.000116	0.491542	0.000116	-0.524339	0.000116	0.0647684
0.000118	0.440329	0.000118	-0.492774	0.000118	0.0782963
0.00012	0.389116	0.00012	-0.457988	0.00012	0.0902137
0.000122	0.337581	0.000122	-0.422235	0.000122	0.101165
0.000124	0.288623	0.000124	-0.38294	0.000124	0.109861
0.000126	0.236444	0.000126	-0.342357	0.000126	0.116303
0.000128	0.18201	0.000128	-0.303383	0.000128	0.122745
0.00013	0.136273	0.00013	-0.261511	0.00013	0.128221
0.000132	0.0844161	0.000132	-0.220606	0.000132	0.131764
0.000134	0.035458	0.000134	-0.179378	0.000134	0.134985
0.000136	-0.0112455	0.000136	-0.137184	0.000136	0.133696
0.000138	-0.0463536	0.000138	-0.0972442	0.000138	0.13434
0.00014	-0.0914465	0.00014	-0.058271	0.00014	0.13434
0.000142	-0.129776	0.000142	-0.0205861	0.000142	0.13112
0.000144	-0.163595	0.000144	0.0141999	0.000144	0.126932
0.000146	-0.194516	0.000146	0.0483417	0.000146	0.123389
0.000148	-0.224471	0.000148	0.080551	0.000148	0.117914
0.00015	-0.255714	0.00015	0.109217	0.00015	0.11276
0.000152	-0.271496	0.000152	0.137561	0.000152	0.105352
0.000154	-0.291788	0.000154	0.161396	0.000154	0.0982661
0.000156	-0.311114	0.000156	0.184265	0.000156	0.0908579
0.000158	-0.31981	0.000158	0.203268	0.000158	0.0828056
0.00016	-0.325286	0.00016	0.220983	0.00016	0.0753975
0.000162	-0.331727	0.000162	0.234511	0.000162	0.0663789
0.000164	-0.338814	0.000164	0.246107	0.000164	0.0573603
0.000166	-0.333982	0.000166	0.254481	0.000166	0.0496301
0.000168	-0.330761	0.000168	0.260601	0.000168	0.0396452
0.00017	-0.32754	0.00017	0.263822	0.00017	0.0306266
0.000172	-0.318522	0.000172	0.266721	0.000172	0.0228964
0.000174	-0.304672	0.000174	0.264788	0.000174	0.0158103
0.000176	-0.291144	0.000176	0.261245	0.000176	0.00582545
0.000178	-0.283092	0.000178	0.255125	0.000178	-0.000938497
0.00018	-0.261511	0.00018	0.248361	0.00018	-0.00738035
0.000182	-0.240575	0.000182	0.240309	0.000182	-0.0147885
0.000184	-0.224793	0.000184	0.229036	0.000184	-0.0205861
0.000186	-0.206434	0.000186	0.216152	0.000186	-0.0263838
0.000188	-0.183243	0.000188	0.202624	0.000188	-0.0321815
0.00019	-0.161341	0.00019	0.188774	0.00019	-0.0376571
0.000192	-0.143626	0.000192	0.173314	0.000192	-0.0418443
0.000194	-0.123334	0.000194	0.156565	0.000194	-0.0450652
0.000196	-0.0959558	0.000196	0.14046	0.000196	-0.0492524
0.000198	-0.0763082	0.000198	0.123067	0.000198	-0.0508629
0.0002	-0.0569826	0.0002	0.105674	0.0002	-0.0531175
0.000202	-0.0370129	0.000202	0.0889254	0.000202	-0.0544059
0.000204	-0.0125338	0.000204	0.0712103	0.000204	-0.0563384
0.000206	0.00228243	0.000206	0.0538173	0.000206	-0.0563384
0.000208	0.018065	0.000208	0.0364243	0.000208	-0.0560163
0.00021	0.0409336	0.00021	0.0203196	0.00021	-0.0560163
0.000212	0.0573603	0.000212	0.00453708	0.000212	-0.0550501
0.000214	0.0673452	0.000214	-0.0106013	0.000214	-0.0527954
0.000216	0.0795847	0.000216	-0.0247734	0.000216	-0.0502187
0.000218	0.097944	0.000218	-0.0379792	0.000218	-0.0482861
0.00022	0.105352	0.00022	-0.0505408	0.00022	-0.0460315
0.000222	0.113404	0.000222	-0.0614919	0.000222	-0.0424884
0.000224	0.120168	0.000224	-0.0727652	0.000224	-0.0402338
0.000226	0.13112	0.000226	-0.0814617	0.000226	-0.0376571
0.000228	0.132408	0.000228	-0.089514	0.000228	-0.0331478
0.00023	0.134663	0.00023	-0.0969221	0.00023	-0.0296047
0.000232	0.141749	0.000232	-0.102398	0.000232	-0.0273501
0.000234	0.139816	0.000234	-0.107229	0.000234	-0.0221966
0.000236	0.138528	0.000236	-0.11045	0.000236	-0.0202641
0.000238	0.139494	0.000238	-0.113027	0.000238	-0.0157548
0.00024	0.141104	0.00024	-0.113993	0.00024	-0.0128559
0.000242	0.131442	0.000242	-0.114315	0.000242	-0.00834663
0.000244	0.125322	0.000244	-0.114637	0.000244	-0.00544779
0.000246	0.123389	0.000246	-0.112705	0.000246	-0.00158268
0.000248	0.118236	0.000248	-0.109806	0.000248	0.00163824
0.00025	0.107607	0.00025	-0.106585	0.00025	0.00453708
0.000252	0.100521	0.000252	-0.103364	0.000252	0.00711382
0.000254	0.094723	0.000254	-0.0985326	0.000254	0.011301
0.000256	0.0828056	0.000256	-0.0933791	0.000256	0.011301
0.000258	0.0753975	0.000258	-0.0879035	0.000258	0.0151661
0.00026	0.0654126	0.00026	-0.0817837	0.00026	0.0167766
0.000262	0.0625138	0.000262	-0.0753419	0.000262	0.0187092
0.000264	0.0480196	0.000264	-0.068578	0.000264	0.0196754
0.000266	0.039001	0.000266	-0.0611698	0.000266	0.021608
0.000268	0.0322371	0.000268	-0.0544059	0.000268	0.0228964
0.00027	0.0228964	0.00027	-0.0469977	0.00027	0.0228964
0.000272	0.0125894	0.000272	-0.0392675	0.000272	0.0241847
0.000274	0.00260452	0.000274	-0.0325036	0.000274	0.0248289
0.000276	0.000349874	0.000276	-0.0241292	0.000276	0.0248289
0.000278	-0.0118896	0.000278	-0.0176873	0.000278	0.0241847
0.00028	-0.0212303	0.00028	-0.0106013	0.00028	0.0238626
0.000282	-0.0238071	0.000282	-0.00415942	0.000282	0.0232185
0.000284	-0.0299268	0.000284	0.00163824	0.000284	0.021608
0.000286	-0.0366908	0.000286	0.00872428	0.000286	0.0219301
0.000288	-0.044421	0.000288	0.0135557	0.000288	0.0206417
0.00029	-0.0418443	0.00029	0.0190312	0.00029	0.0190312
0.000292	-0.047964	0.000292	0.0238626	0.000292	0.0183871
0.000294	-0.0527954	0.000294	0.0280498	0.000294	0.0170987
0.000296	-0.0540838	0.000296	0.0315929	0.000296	0.0154882
0.000298	-0.0556942	0.000298	0.0348138	0.000298	0.0151661
0.0003	-0.0595594	0.0003	0.0386789	0.0003	0.0135557
0.000302	-0.0624582	0.000302	0.0399673	0.000302	0.0106568
0.000304	-0.0598814	0.000304	0.0422219	0.000304	0.0100127
0.000306	-0.0592373	0.000306	0.0438324	0.000306	0.00840219
0.000308	-0.0614919	0.000308	0.0444766	0.000308	0.00711382
0.00031	-0.0589152	0.00031	0.0451208	0.00031	0.00518126
0.000312	-0.0573047	0.000312	0.0451208	0.000312	0.00324871
0.000314	-0.0521512	0.000314	0.0451208	0.000314	0.00228243
0.000316	-0.0550501	0.000316	0.0441545	0.000316	0.00163824
0.000318	-0.0498966	0.000318	0.0431882	0.000318	2.78E-05
0.00032	-0.0437768	0.00032	0.0418998	0.00032	-0.00158268
0.000322	-0.0437768	0.000322	0.0399673	0.000322	-0.00319315
0.000324	-0.0418443	0.000324	0.0386789	0.000324	-0.00319315
0.000326	-0.0347582	0.000326	0.0364243	0.000326	-0.00480361
0.000328	-0.0289606	0.000328	0.0341696	0.000328	-0.00641407
0.00033	-0.0302489	0.00033	0.0309487	0.00033	-0.00770244
0.000332	-0.0250954	0.000332	0.0283719	0.000332	-0.00673617
0.000334	-0.0183315	0.000334	0.0257952	0.000334	-0.00834663
0.000336	-0.0163989	0.000336	0.0228964	0.000336	-0.00899081
0.000338	-0.0154327	0.000338	0.0196754	0.000338	-0.00899081
0.00034	-0.0106013	0.00034	0.0167766	0.00034	-0.009635
0.000342	-0.00254896	0.000342	0.0138778	0.000342	-0.0102792
0.000344	-0.00480361	0.000344	0.0106568	0.000344	-0.0112455
0.000346	-0.00254896	0.000346	0.00711382	0.000346	-0.00866872
0.000348	0.00485917	0.000348	0.00292662	0.000348	-0.00995709
0.00035	0.00518126	0.00035	0.000349874	0.00035	-0.00866872
0.000352	0.0035708	0.000352	-0.00222687	0.000352	-0.00802454
0.000354	0.0106568	0.000354	-0.0051257	0.000354	-0.00866872
0.000356	0.0183871	0.000356	-0.00673617	0.000356	-0.00770244
0.000358	0.0167766	0.000358	-0.0102792	0.000358	-0.00802454
0.00036	0.0154882	0.00036	-0.0118896	0.00036	-0.00802454
0.000362	0.0209638	0.000362	-0.0141443	0.000362	-0.00705826
0.000364	0.0225743	0.000364	-0.0157548	0.000364	-0.00673617
0.000366	0.0206417	0.000366	-0.0173652	0.000366	-0.00641407
0.000368	0.0203196	0.000368	-0.0186536	0.000368	-0.00480361
0.00037	0.0270836	0.00037	-0.0196199	0.00037	-0.00480361
0.000372	0.0257952	0.000372	-0.0205861	0.000372	-0.00415942
0.000374	0.0238626	0.000374	-0.0215524	0.000374	-0.00319315
0.000376	0.0245068	0.000376	-0.0221966	0.000376	-0.00287105
0.000378	0.0264394	0.000378	-0.0225187	0.000378	-0.00222687
0.00038	0.021608	0.00038	-0.0228408	0.00038	-0.00158268
0.000382	0.0212859	0.000382	-0.0228408	0.000382	0.000349874
0.000384	0.0235405	0.000384	-0.0225187	0.000384	-0.000616404
0.000386	0.0232185	0.000386	-0.0221966	0.000386	0.000994059
0.000388	0.0170987	0.000388	-0.0215524	0.000388	0.000671966
0.00039	0.0170987	0.00039	-0.0215524	0.00039	0.00196034
0.000392	0.0203196	0.000392	-0.0202641	0.000392	0.00228243
0.000394	0.0158103	0.000394	-0.0196199	0.000394	0.00292662
0.000396	0.014844	0.000396	-0.0183315	0.000396	0.00292662
0.000398	0.0125894	0.000398	-0.0180094	0.000398	0.0035708
0.0004	0.0151661	0.0004	-0.016721	0.0004	0.0035708
0.000402	0.00679173	0.000402	-0.0157548	0.000402	0.00389289
0.000404	0.00646963	0.000404	-0.0141443	0.000404	0.00518126
0.000406	0.00711382	0.000406	-0.0128559	0.000406	0.00485917
0.000408	0.00550336	0.000408	-0.0118896	0.000408	0.00453708
0.00041	0.00196034	0.00041	-0.00995709	0.00041	0.00485917
0.000412	-0.000938497	0.000412	-0.00899081	0.000412	0.00453708
0.000414	0.00163824	0.000414	-0.00738035	0.000414	0.00453708
0.000416	-0.000616404	0.000416	-0.00544779	0.000416	0.00485917
0.000418	-0.00448152	0.000418	-0.00415942	0.000418	0.00485917
0.00042	-0.00254896	0.00042	-0.00287105	0.00042	0.00518126
0.000422	-0.00448152	0.000422	-0.00190477	0.000422	0.00421499
0.000424	-0.00705826	0.000424	-0.000616404	0.000424	0.00453708
0.000426	-0.00931291	0.000426	0.000349874	0.000426	0.00485917
0.000428	-0.00770244	0.000428	0.00131615	0.000428	0.0035708
0.00043	-0.0109234	0.00043	0.00196034	0.00043	0.00421499
0.000432	-0.0122117	0.000432	0.00260452	0.000432	0.0035708
0.000434	-0.00995709	0.000434	0.00389289	0.000434	0.00228243
0.000436	-0.00802454	0.000436	0.00453708	0.000436	0.00228243
0.000438	-0.00770244	0.000438	0.00518126	0.000438	0.00228243
0.00044	-0.0141443	0.00044	0.00485917	0.00044	0.00196034
0.000442	-0.00705826	0.000442	0.00614754	0.000442	0.00228243
0.000444	-0.00866872	0.000444	0.00614754	0.000444	0.00163824
0.000446	-0.0112455	0.000446	0.00614754	0.000446	0.00163824
0.000448	-0.0102792	0.000448	0.00646963	0.000448	0.00163824
0.00045	-0.0112455	0.00045	0.00646963	0.00045	0.000671966
0.000452	-0.00770244	0.000452	0.00711382	0.000452	0.000349874
0.000454	-0.0138222	0.000454	0.00614754	0.000454	0.000671966
0.000456	-0.00673617	0.000456	0.00646963	0.000456	0.000349874
0.000458	-0.00673617	0.000458	0.00582545	0.000458	0.000349874
0.00046	-0.00802454	0.00046	0.00582545	0.00046	2.78E-05
0.000462	-0.0109234	0.000462	0.00550336	0.000462	-0.000616404
0.000464	-0.00866872	0.000464	0.00518126	0.000464	-0.00126059
0.000466	-0.00351524	0.000466	0.00518126	0.000466	-0.00126059
0.000468	-0.00866872	0.000468	0.00453708	0.000468	-0.000938497
0.00047	-0.00770244	0.00047	0.0035708	0.00047	-0.00158268
0.000472	-0.00319315	0.000472	0.00389289	0.000472	-0.00158268
0.000474	-0.0051257	0.000474	0.00324871	0.000474	-0.00158268
0.000476	-0.00576989	0.000476	0.00228243	0.000476	-0.00254896
0.000478	-0.00351524	0.000478	0.00196034	0.000478	-0.000938497
0.00048	0.000671966	0.00048	0.000671966	0.00048	-0.00158268
0.000482	-0.00190477	0.000482	0.000994059	0.000482	-0.00158268
0.000484	-0.000616404	0.000484	0.000349874	0.000484	-0.000294312
0.000486	0.00196034	0.000486	-0.000616404	0.000486	-0.000294312
0.000488	0.000349874	0.000488	-0.000616404	0.000488	-0.00126059
0.00049	-0.000294312	0.00049	-0.00126059	0.00049	-0.00126059
0.000492	-0.00158268	0.000492	-0.00158268	0.000492	-0.000616404
0.000494	0.00582545	0.000494	-0.00254896	0.000494	-0.000616404
0.000496	0.00228243	0.000496	-0.00319315	0.000496	-0.000616404
0.000498	-0.000294312	0.000498	-0.00287105	0.000498	-0.000938497
0.0005	0.00421499	0.0005	-0.00448152	0.0005	-0.000616404
0.000502	0.00453708	0.000502	-0.00480361	0.000502	-0.000294312
0.000504	0.000994059	0.000504	-0.00448152	0.000504	2.78E-05
0.000506	0.00131615	0.000506	-0.00480361	0.000506	-0.000294312
0.000508	0.00775801	0.000508	-0.00576989	0.000508	-0.000294312
0.00051	0.00453708	0.00051	-0.00544779	0.00051	0.000349874
0.000512	0.00518126	0.000512	-0.00609198	0.000512	-0.000294312
0.000514	0.00292662	0.000514	-0.00641407	0.000514	2.78E-05
0.000516	0.00389289	0.000516	-0.00609198	0.000516	0.000671966
0.000518	0.00228243	0.000518	-0.00673617	0.000518	0.000349874
0.00052	-0.000294312	0.00052	-0.00544779	0.00052	0.000671966
0.000522	0.00518126	0.000522	-0.00641407	0.000522	-0.000294312
0.000524	0.0035708	0.000524	-0.00609198	0.000524	0.000349874
0.000526	0.00163824	0.000526	-0.00544779	0.000526	0.00131615
0.000528	0.0035708	0.000528	-0.00576989	0.000528	0.00131615
0.00053	0.00550336	0.00053	-0.00576989	0.00053	0.00163824
0.000532	0.000349874	0.000532	-0.00480361	0.000532	0.00196034
0.000534	0.000994059	0.000534	-0.00544779	0.000534	0.00163824
0.000536	0.00260452	0.000536	-0.00576989	0.000536	0.00163824
0.000538	0.00324871	0.000538	-0.0051257	0.000538	0.00131615
0.00054	0.000994059	0.00054	-0.00480361	0.00054	0.00131615
0.000542	2.78E-05	0.000542	-0.00383733	0.000542	0.00163824
0.000544	0.00260452	0.000544	-0.00448152	0.000544	0.00228243
0.000546	0.00163824	0.000546	-0.00415942	0.000546	0.000994059
0.000548	-0.00254896	0.000548	-0.00383733	0.000548	0.00228243
0.00055	-0.000294312	0.00055	-0.00351524	0.00055	0.00131615
0.000552	0.00196034	0.000552	-0.00319315	0.000552	0.00228243
0.000554	2.78E-05	0.000554	-0.00222687	0.000554	0.000349874
0.000556	-0.00319315	0.000556	-0.00222687	0.000556	0.00228243
0.000558	0.00131615	0.000558	-0.00254896	0.000558	0.00196034
0.00056	-0.00222687	0.00056	-0.00254896	0.00056	0.00163824
0.000562	-0.00158268	0.000562	-0.00190477	0.000562	0.000994059
0.000564	-0.00480361	0.000564	-0.00158268	0.000564	0.000994059
0.000566	0.00163824	0.000566	-0.00126059	0.000566	0.00228243
0.000568	-0.000938497	0.000568	-0.000616404	0.000568	0.00131615
0.00057	-0.00319315	0.00057	-0.000616404	0.00057	0.000671966
0.000572	-0.00222687	0.000572	-0.000616404	0.000572	0.000994059
0.000574	0.000994059	0.000574	-0.00158268	0.000574	0.000671966
0.000576	-0.00287105	0.000576	-0.000616404	0.000576	0.00196034
0.000578	-0.00480361	0.000578	-0.000616404	0.000578	0.00196034
0.00058	0.00196034	0.00058	-0.000938497	0.00058	0.000994059
0.000582	-0.00319315	0.000582	-0.000294312	0.000582	0.000994059
0.000584	-0.00383733	0.000584	-0.000294312	0.000584	0.000671966
0.000586	-0.00383733	0.000586	-0.000294312	0.000586	0.000671966
0.000588	-0.00126059	0.000588	-0.000294312	0.000588	0.000349874
0.00059	-0.000616404	0.00059	2.78E-05	0.00059	0.00163824
0.000592	-0.00609198	0.000592	2.78E-05	0.000592	0.00163824
0.000594	-0.00222687	0.000594	-0.000616404	0.000594	0.000349874
0.000596	0.000349874	0.000596	-0.000294312	0.000596	0.000671966
0.000598	-0.00448152	0.000598	-0.000294312	0.000598	0.000994059
0.0006	-0.00383733	0.0006	-0.000616404	0.0006	0.000994059
0.000602	0.000349874	0.000602	-0.000616404	0.000602	-0.000294312
0.000604	0.00196034	0.000604	-0.000938497	0.000604	0.000671966
0.000606	-0.00673617	0.000606	-0.000938497	0.000606	0.00163824
0.000608	-0.000938497	0.000608	-0.000938497	0.000608	0.000349874
0.00061	0.000349874	0.00061	-0.000616404	0.00061	0.000671966
0.000612	-0.00222687	0.000612	-0.00126059	0.000612	0.000349874
0.000614	-0.0051257	0.000614	-0.00158268	0.000614	0.000994059
0.000616	-0.00222687	0.000616	-0.00126059	0.000616	2.78E-05
0.000618	0.00196034	0.000618	-0.00222687	0.000618	0.000994059
0.00062	-0.00448152	0.00062	-0.00190477	0.00062	0.000349874
0.000622	-0.00254896	0.000622	-0.00126059	0.000622	0.000671966
0.000624	0.00292662	0.000624	-0.00190477	0.000624	0.00131615
0.000626	-0.00126059	0.000626	-0.00190477	0.000626	0.000671966
0.000628	-0.00287105	0.000628	-0.00158268	0.000628	-0.000294312
0.00063	-0.00319315	0.00063	-0.00254896	0.00063	0.00131615
0.000632	0.00485917	0.000632	-0.00222687	0.000632	0.000349874
0.000634	-0.000616404	0.000634	-0.00190477	0.000634	0.000671966
0.000636	-0.00126059	0.000636	-0.00190477	0.000636	0.000349874
0.000638	0.00163824	0.000638	-0.00287105	0.000638	0.000349874
0.00064	0.000994059	0.00064	-0.00287105	0.00064	0.000349874
0.000642	-0.00126059	0.000642	-0.00222687	0.000642	0.000349874
0.000644	-0.000616404	0.000644	-0.00222687	0.000644	0.00163824
0.000646	0.00389289	0.000646	-0.00287105	0.000646	0.000349874
0.000648	0.000671966	0.000648	-0.00254896	0.000648	0.000349874
0.00065	-0.00222687	0.00065	-0.00190477	0.00065	0.00131615
0.000652	0.000671966	0.000652	-0.00287105	0.000652	0.00228243
0.000654	0.00196034	0.000654	-0.00287105	0.000654	0.00131615
0.000656	-0.00319315	0.000656	-0.00254896	0.000656	0.000994059
0.000658	-0.00383733	0.000658	-0.00287105	0.000658	0.000349874
0.00066	0.00163824	0.00066	-0.00319315	0.00066	0.000671966
0.000662	0.00196034	0.000662	-0.00287105	0.000662	0.000671966
0.000664	-0.00190477	0.000664	-0.00254896	0.000664	0.000994059
0.000666	-0.00190477	0.000666	-0.00254896	0.000666	0.000671966
0.000668	0.00260452	0.000668	-0.00383733	0.000668	0.00163824
0.00067	0.000671966	0.00067	-0.00319315	0.00067	0.00196034
0.000672	-0.00126059	0.000672	-0.00190477	0.000672	0.000671966
0.000674	-0.000294312	0.000674	-0.00254896	0.000674	0.00131615
0.000676	0.00292662	0.000676	-0.00222687	0.000676	0.00163824
0.000678	-0.00254896	0.000678	-0.00190477	0.000678	0.00131615
0.00068	-0.000938497	0.00068	-0.00222687	0.00068	0.000349874
0.000682	0.00324871	0.000682	-0.00319315	0.000682	0.00131615
0.000684	-0.000938497	0.000684	-0.00190477	0.000684	0.00131615
0.000686	-0.00415942	0.000686	-0.00254896	0.000686	0.00131615
0.000688	-0.00254896	0.000688	-0.00254896	0.000688	0.000349874
0.00069	0.00163824	0.00069	-0.00222687	0.00069	0.000994059
0.000692	-0.00222687	0.000692	-0.00190477	0.000692	0.000994059
0.000694	-0.000616404	0.000694	-0.00158268	0.000694	0.000994059
0.000696	0.00131615	0.000696	-0.00190477	0.000696	0.000994059
0.000698	-0.000616404	0.000698	-0.00190477	0.000698	2.78E-05
0.0007	-0.00287105	0.0007	-0.00222687	0.0007	0.000994059
0.000702	-0.00319315	0.000702	-0.00190477	0.000702	0.00131615
0.000704	0.00163824	0.000704	-0.00222687	0.000704	0.000994059
0.000706	-0.00319315	0.000706	-0.00158268	0.000706	0.00131615
0.000708	-0.0051257	0.000708	-0.00190477	0.000708	0.000994059
0.00071	-0.000616404	0.00071	-0.00158268	0.00071	0.000671966
0.000712	0.00163824	0.000712	-0.00190477	0.000712	0.000671966
0.000714	-0.00126059	0.000714	-0.00158268	0.000714	0.000994059
0.000716	-0.00544779	0.000716	-0.00126059	0.000716	0.00131615
0.000718	0.0035708	0.000718	-0.00222687	0.000718	0.000671966
0.00072	-0.00126059	0.00072	-0.00158268	0.00072	2.78E-05
0.000722	-0.00254896	0.000722	-0.00158268	0.000722	0.000994059
0.000724	-0.00222687	0.000724	-0.00158268	0.000724	0.000349874
0.000726	0.00131615	0.000726	-0.00158268	0.000726	0.00131615
0.000728	0.000349874	0.000728	-0.00158268	0.000728	0.000671966
0.00073	-0.00415942	0.00073	-0.000938497	0.00073	0.000671966
0.000732	0.000671966	0.000732	-0.00190477	0.000732	0.000994059
0.000734	0.000349874	0.000734	-0.000938497	0.000734	0.000994059
0.000736	-0.00351524	0.000736	-0.00190477	0.000736	0.000671966
0.000738	-0.00190477	0.000738	-0.00126059	0.000738	2.78E-05
0.00074	-0.000294312	0.00074	-0.00126059	0.00074	0.000349874
0.000742	0.00196034	0.000742	-0.00222687	0.000742	0.00131615
0.000744	-0.00383733	0.000744	-0.000938497	0.000744	0.000349874
0.000746	0.000349874	0.000746	-0.00158268	0.000746	0.000349874
0.000748	0.00163824	0.000748	-0.00222687	0.000748	0.000994059
0.00075	-0.00126059	0.00075	-0.00190477	0.00075	0.000349874
0.000752	-0.00319315	0.000752	-0.00158268	0.000752	0.000994059
0.000754	-0.000616404	0.000754	-0.00190477	0.000754	0.000994059
0.000756	0.0035708	0.000756	-0.00158268	0.000756	0.000349874
0.000758	-0.00254896	0.000758	-0.00222687	0.000758	0.000994059
0.00076	-0.00222687	0.00076	-0.00158268	0.00076	-0.000294312
0.000762	0.00131615	0.000762	-0.00222687	0.000762	0.00131615
0.000764	-0.000938497	0.000764	-0.00158268	0.000764	0.000671966
0.000766	0.000671966	0.000766	-0.00222687	0.000766	0.00163824
0.000768	0.000671966	0.000768	-0.00190477	0.000768	0.000671966
0.00077	0.00260452	0.00077	-0.00190477	0.00077	0.00131615
0.000772	-0.00126059	0.000772	-0.00126059	0.000772	0.00131615
0.000774	-0.00126059	0.000774	-0.00158268	0.000774	0.000349874
0.000776	0.00324871	0.000776	-0.00254896	0.000776	0.000671966
0.000778	-0.000294312	0.000778	-0.00158268	0.000778	0.00196034
0.00078	-0.00415942	0.00078	-0.00222687	0.00078	2.78E-05
0.000782	-0.00158268	0.000782	-0.00222687	0.000782	0.000349874
0.000784	0.00453708	0.000784	-0.00222687	0.000784	2.78E-05
0.000786	-0.000938497	0.000786	-0.00158268	0.000786	0.000349874
0.000788	-0.00480361	0.000788	-0.00190477	0.000788	0.000671966
0.00079	0.00228243	0.00079	-0.00190477	0.00079	0.000671966
0.000792	0.000349874	0.000792	-0.00222687	0.000792	0.000671966
0.000794	-0.00222687	0.000794	-0.00222687	0.000794	0.000671966
0.000796	-0.000616404	0.000796	-0.00222687	0.000796	0.00163824
0.000798	0.00485917	0.000798	-0.00287105	0.000798	0.000349874
0.0008	0.000671966	0.0008	-0.00222687	0.0008	0.000349874
0.000802	-0.000938497	0.000802	-0.00190477	0.000802	0.000671966
0.000804	-0.000294312	0.000804	-0.00190477	0.000804	0.00131615
0.000806	0.00292662	0.000806	-0.00287105	0.000806	0.000349874
0.000808	-0.00319315	0.000808	-0.00190477	0.000808	0.000994059
0.00081	-0.00158268	0.00081	-0.00222687	0.00081	0.00131615
0.000812	0.00228243	0.000812	-0.00222687	0.000812	0.00163824
0.000814	0.00389289	0.000814	-0.00222687	0.000814	0.00131615
0.000816	-0.00222687	0.000816	-0.00190477	0.000816	0.000994059
0.000818	-0.00190477	0.000818	-0.00190477	0.000818	0.000349874
0.00082	0.00324871	0.00082	-0.00254896	0.00082	0.000994059
0.000822	-0.000616404	0.000822	-0.00158268	0.000822	0.000671966
0.000824	-0.00319315	0.000824	-0.00158268	0.000824	0.000671966
0.000826	-0.000616404	0.000826	-0.00158268	0.000826	0.000671966
0.000828	0.00228243	0.000828	-0.00287105	0.000828	0.000671966
0.00083	-0.00287105	0.00083	-0.00190477	0.00083	0.000994059
0.000832	0.000671966	0.000832	-0.00158268	0.000832	2.78E-05
0.000834	0.00131615	0.000834	-0.00287105	0.000834	0.000994059
0.000836	-0.00190477	0.000836	-0.00222687	0.000836	0.000349874
0.000838	-0.00222687	0.000838	-0.00254896	0.000838	0.000994059
0.00084	-0.00126059	0.00084	-0.00254896	0.00084	0.00131615
0.000842	0.00196034	0.000842	-0.00254896	0.000842	0.000349874
0.000844	-0.000616404	0.000844	-0.00222687	0.000844	0.000994059
0.000846	-0.00254896	0.000846	-0.00126059	0.000846	0.00163824
0.000848	0.00131615	0.000848	-0.00287105	0.000848	0.000994059
0.00085	2.78E-05	0.00085	-0.00222687	0.00085	0.00131615
0.000852	-0.00126059	0.000852	-0.00126059	0.000852	0.000671966
0.000854	-0.00287105	0.000854	-0.00190477	0.000854	0.000994059
0.000856	0.000671966	0.000856	-0.00287105	0.000856	0.000994059
0.000858	-0.00319315	0.000858	-0.00190477	0.000858	0.000671966
0.00086	-0.00287105	0.00086	-0.00190477	0.00086	0.000349874
0.000862	0.000349874	0.000862	-0.00190477	0.000862	0.00131615
0.000864	0.00260452	0.000864	-0.00254896	0.000864	0.000671966
0.000866	-0.000938497	0.000866	-0.00158268	0.000866	0.00131615
0.000868	-0.00448152	0.000868	-0.00190477	0.000868	0.00131615
0.00087	-0.000294312	0.00087	-0.00190477	0.00087	0.000349874
0.000872	-0.000616404	0.000872	-0.00158268	0.000872	0.00131615
0.000874	-0.000616404	0.000874	-0.000616404	0.000874	0.00131615
0.000876	-0.000938497	0.000876	-0.00222687	0.000876	0.00163824
0.000878	0.00228243	0.000878	-0.00254896	0.000878	0.000994059
0.00088	0.00163824	0.00088	-0.00158268	0.00088	0.00163824
0.000882	-0.00351524	0.000882	-0.00158268	0.000882	0.000671966
0.000884	0.000349874	0.000884	-0.00126059	0.000884	0.000994059
0.000886	0.00196034	0.000886	-0.00222687	0.000886	0.000671966
0.000888	-0.00448152	0.000888	-0.00158268	0.000888	0.000349874
0.00089	-0.00158268	0.00089	-0.00190477	0.00089	0.000349874
0.000892	-0.000616404	0.000892	-0.00222687	0.000892	0.00131615
0.000894	0.00260452	0.000894	-0.00222687	0.000894	0.000994059
0.000896	-0.00480361	0.000896	-0.00190477	0.000896	0.000994059
0.000898	-0.000294312	0.000898	-0.00158268	0.000898	0.000349874
0.0009	-0.000294312	0.0009	-0.00158268	0.0009	0.000994059
0.000902	-0.00158268	0.000902	-0.00126059	0.000902	0.00131615
0.000904	-0.00254896	0.000904	-0.00190477	0.000904	0.000349874
0.000906	-0.000616404	0.000906	-0.00158268	0.000906	0.000671966
0.000908	0.00292662	0.000908	-0.00222687	0.000908	0.00131615
0.00091	-0.00254896	0.00091	-0.00158268	0.00091	0.000994059
0.000912	-0.00351524	0.000912	-0.00190477	0.000912	0.000994059
0.000914	0.00196034	0.000914	-0.00254896	0.000914	0.000349874
0.000916	-0.00158268	0.000916	-0.00190477	0.000916	0.000349874
0.000918	-0.00254896	0.000918	-0.00254896	0.000918	0.000671966
0.00092	-0.00351524	0.00092	-0.00190477	0.00092	0.00131615
0.000922	0.000994059	0.000922	-0.00287105	0.000922	0.00163824
0.000924	-0.00222687	0.000924	-0.00222687	0.000924	0.00131615
0.000926	-0.00254896	0.000926	-0.00190477	0.000926	0.000671966
0.000928	0.000671966	0.000928	-0.00254896	0.000928	2.78E-05
0.00093	0.00163824	0.00093	-0.00254896	0.00093	0.000994059
0.000932	-0.00287105	0.000932	-0.00222687	0.000932	0.000349874
0.000934	-0.00287105	0.000934	-0.00222687	0.000934	0.00228243
0.000936	0.00292662	0.000936	-0.00254896	0.000936	-0.000294312
0.000938	-0.000616404	0.000938	-0.00190477	0.000938	0.000671966
0.00094	-0.00190477	0.00094	-0.00190477	0.00094	0.000349874
0.000942	0.000671966	0.000942	-0.00190477	0.000942	0.000994059
0.000944	0.00131615	0.000944	-0.00254896	0.000944	0.000671966
0.000946	-0.00287105	0.000946	-0.00158268	0.000946	2.78E-05
0.000948	-0.00415942	0.000948	-0.00190477	0.000948	0.000994059
0.00095	0.00324871	0.00095	-0.00287105	0.00095	0.00131615
0.000952	0.00131615	0.000952	-0.00222687	0.000952	0.000349874
0.000954	-0.00126059	0.000954	-0.00254896	0.000954	0.000671966
0.000956	0.000349874	0.000956	-0.00190477	0.000956	0.00163824
0.000958	0.00163824	0.000958	-0.00287105	0.000958	0.000994059
0.00096	-0.00319315	0.00096	-0.00126059	0.00096	0.000349874
0.000962	-0.00190477	0.000962	-0.00222687	0.000962	0.000994059
0.000964	0.00228243	0.000964	-0.00319315	0.000964	0.00131615
0.000966	0.00260452	0.000966	-0.00287105	0.000966	-0.000294312
0.000968	-0.00351524	0.000968	-0.00222687	0.000968	0.00131615
0.00097	0.000349874	0.00097	-0.00190477	0.00097	0.000994059
0.000972	0.00260452	0.000972	-0.00222687	0.000972	0.00131615
0.000974	-0.00190477	0.000974	-0.00222687	0.000974	0.00131615
0.000976	-0.00190477	0.000976	-0.00222687	0.000976	0.000994059
0.000978	-0.000294312	0.000978	-0.00190477	0.000978	0.00131615
0.00098	2.78E-05	0.00098	-0.00222687	0.00098	0.000994059
0.000982	-0.00254896	0.000982	-0.00158268	0.000982	0.000994059
0.000984	-0.00126059	0.000984	-0.00190477	0.000984	2.78E-05
0.000986	0.00131615	0.000986	-0.00222687	0.000986	0.000994059
0.000988	0.00260452	0.000988	-0.00222687	0.000988	0.00196034
0.00099	-0.00254896	0.00099	-0.00190477	0.00099	0.000994059
0.000992	-0.000938497	0.000992	-0.00222687	0.000992	0.000994059
0.000994	0.00324871	0.000994	-0.00222687	0.000994	0.000671966
0.000996	2.78E-05	0.000996	-0.00158268	0.000996	0.000349874
0.000998	0.000349874	0.000998	-0.00158268	0.000998	0.0232185
