Time	Noise			
0	2.2373			
2.00E-06	2.50013			
4.00E-06	2.49626			
6.00E-06	2.49658			
8.00E-06	2.50077			
1.00E-05	2.5027			
1.20E-05	2.50206			
1.40E-05	2.5027			
1.60E-05	2.50528			
1.80E-05	2.50464			
2.00E-05	2.50238			
2.20E-05	2.50625			
2.40E-05	2.50593			
2.60E-05	2.50657			
2.80E-05	2.5056			
3.00E-05	2.50689			
3.20E-05	2.50496			
3.40E-05	2.5056			
3.60E-05	2.50721			
3.80E-05	2.50625			
4.00E-05	2.50593			
4.20E-05	2.50721			
4.40E-05	2.50754			
4.60E-05	2.50818			
4.80E-05	2.50303			
5.00E-05	2.50593			
5.20E-05	2.50754			
5.40E-05	2.50689			
5.60E-05	2.5085			
5.80E-05	2.50689			
6.00E-05	2.50947			
6.20E-05	2.50593			
6.40E-05	2.5056			
6.60E-05	2.50818			
6.80E-05	2.50528			
7.00E-05	2.50721			
7.20E-05	2.50657			
7.40E-05	2.50979			
7.60E-05	2.50754			
7.80E-05	2.50528			
8.00E-05	2.50882			
8.20E-05	2.50786			
8.40E-05	2.50818			
8.60E-05	2.50915			
8.80E-05	2.50721			
9.00E-05	2.50882			
9.20E-05	2.50754			
9.40E-05	2.50721			
9.60E-05	2.50689			
9.80E-05	2.50593			
1.00E-04	2.50882			
0.000102	2.5085			
0.000104	2.50786			
0.000106	2.5085			
0.000108	2.50593			
0.00011	2.50689			
0.000112	2.50721			
0.000114	2.50689			
0.000116	2.50657			
0.000118	2.50818			
0.00012	2.51269			
0.000122	2.50754			
0.000124	2.50721			
0.000126	2.50818			
0.000128	2.50786			
0.00013	2.50882			
0.000132	2.51011			
0.000134	2.50786			
0.000136	2.50818			
0.000138	2.50915			
0.00014	2.50786			
0.000142	2.50689			
0.000144	2.5085			
0.000146	2.50882			
0.000148	2.50818			
0.00015	2.50625			
0.000152	2.50786			
0.000154	2.50979			
0.000156	2.50786			
0.000158	2.50657			
0.00016	2.50689			
0.000162	2.50689			
0.000164	2.50721			
0.000166	2.50754			
0.000168	2.5085			
0.00017	2.51011			
0.000172	2.50721			
0.000174	2.50882			
0.000176	2.5085			
0.000178	2.50721			
0.00018	2.50721			
0.000182	2.50882			
0.000184	2.5085			
0.000186	2.50786			
0.000188	2.50786			
0.00019	2.50786			
0.000192	2.50689			
0.000194	2.50979			
0.000196	2.50754			
0.000198	2.50882			
0.0002	2.5085			
0.000202	2.50754			
0.000204	2.50915			
0.000206	2.50754			
0.000208	2.5085			
0.00021	2.50689			
0.000212	2.50979			
0.000214	2.50754			
0.000216	2.5085			
0.000218	2.50818			
0.00022	2.50979			
0.000222	2.5085			
0.000224	2.50689			
0.000226	2.50915			
0.000228	2.50786			
0.00023	2.50882			
0.000232	2.5085			
0.000234	2.51043			
0.000236	2.50625			
0.000238	2.5085			
0.00024	2.50721			
0.000242	2.50786			
0.000244	2.5085			
0.000246	2.50979			
0.000248	2.50657			
0.00025	2.50818			
0.000252	2.50786			
0.000254	2.50786			
0.000256	2.50915			
0.000258	2.50721			
0.00026	2.50721			
0.000262	2.51172			
0.000264	2.50721			
0.000266	2.50786			
0.000268	2.50754			
0.00027	2.50818			
0.000272	2.50657			
0.000274	2.50689			
0.000276	2.51011			
0.000278	2.50915			
0.00028	2.50721			
0.000282	2.50754			
0.000284	2.50979			
0.000286	2.5085			
0.000288	2.50528			
0.00029	2.50689			
0.000292	2.50721			
0.000294	2.50818			
0.000296	2.50721			
0.000298	2.50657			
0.0003	2.50721			
0.000302	2.50625			
0.000304	2.51043			
0.000306	2.50786			
0.000308	2.50625			
0.00031	2.5056			
0.000312	2.5085			
0.000314	2.5085			
0.000316	2.50754			
0.000318	2.5085			
0.00032	2.50882			
0.000322	2.50818			
0.000324	2.50721			
0.000326	2.50882			
0.000328	2.51043			
0.00033	2.50786			
0.000332	2.50496			
0.000334	2.50818			
0.000336	2.50915			
0.000338	2.50657			
0.00034	2.50721			
0.000342	2.50947			
0.000344	2.50593			
0.000346	2.5085			
0.000348	2.50754			
0.00035	2.50689			
0.000352	2.50689			
0.000354	2.50593			
0.000356	2.50882			
0.000358	2.50818			
0.00036	2.50721			
0.000362	2.50625			
0.000364	2.50915			
0.000366	2.50786			
0.000368	2.50818			
0.00037	2.50786			
0.000372	2.50689			
0.000374	2.50786			
0.000376	2.50786			
0.000378	2.50818			
0.00038	2.50818			
0.000382	2.50721			
0.000384	2.50721			
0.000386	2.50947			
0.000388	2.50689			
0.00039	2.50657			
0.000392	2.50657			
0.000394	2.50915			
0.000396	2.50882			
0.000398	2.50947			
0.0004	2.50786			
0.000402	2.50786			
0.000404	2.5056			
0.000406	2.50721			
0.000408	2.50882			
0.00041	2.50786			
0.000412	2.50721			
0.000414	2.50818			
0.000416	2.50979			
0.000418	2.50754			
0.00042	2.50882			
0.000422	2.50915			
0.000424	2.50754			
0.000426	2.50721			
0.000428	2.50818			
0.00043	2.5085			
0.000432	2.50818			
0.000434	2.50593			
0.000436	2.50786			
0.000438	2.50689			
0.00044	2.50721			
0.000442	2.51076			
0.000444	2.50915			
0.000446	2.50721			
0.000448	2.50593			
0.00045	2.50625			
0.000452	2.50818			
0.000454	2.50786			
0.000456	2.50882			
0.000458	2.5085			
0.00046	2.50882			
0.000462	2.5085			
0.000464	2.50818			
0.000466	2.5085			
0.000468	2.50882			
0.00047	2.50754			
0.000472	2.50786			
0.000474	2.50721			
0.000476	2.50657			
0.000478	2.50721			
0.00048	2.5085			
0.000482	2.50721			
0.000484	2.50754			
0.000486	2.50721			
0.000488	2.5085			
0.00049	2.50754			
0.000492	2.50689			
0.000494	2.50786			
0.000496	2.50947			
0.000498	2.50593			
0.0005	2.50528			
0.000502	2.50915			
0.000504	2.50947			
0.000506	2.50721			
0.000508	2.51108			
0.00051	2.5085			
0.000512	2.50818			
0.000514	2.5085			
0.000516	2.50818			
0.000518	2.50882			
0.00052	2.50625			
0.000522	2.50721			
0.000524	2.5085			
0.000526	2.50947			
0.000528	2.50818			
0.00053	2.50754			
0.000532	2.5085			
0.000534	2.50689			
0.000536	2.50657			
0.000538	2.50721			
0.00054	2.5085			
0.000542	2.50786			
0.000544	2.50625			
0.000546	2.50915			
0.000548	2.50754			
0.00055	2.50496			
0.000552	2.50947			
0.000554	2.50721			
0.000556	2.50915			
0.000558	2.50786			
0.00056	2.50754			
0.000562	2.50882			
0.000564	2.50754			
0.000566	2.50754			
0.000568	2.50689			
0.00057	2.50786			
0.000572	2.50818			
0.000574	2.50721			
0.000576	2.50786			
0.000578	2.50689			
0.00058	2.50882			
0.000582	2.50657			
0.000584	2.50689			
0.000586	2.50818			
0.000588	2.50786			
0.00059	2.50882			
0.000592	2.50657			
0.000594	2.50818			
0.000596	2.5056			
0.000598	2.50915			
0.0006	2.50593			
0.000602	2.50754			
0.000604	2.50689			
0.000606	2.50721			
0.000608	2.5056			
0.00061	2.5085			
0.000612	2.50689			
0.000614	2.50818			
0.000616	2.50528			
0.000618	2.50754			
0.00062	2.50882			
0.000622	2.50818			
0.000624	2.50882			
0.000626	2.50915			
0.000628	2.50754			
0.00063	2.50721			
0.000632	2.50786			
0.000634	2.50689			
0.000636	2.50818			
0.000638	2.5085			
0.00064	2.50754			
0.000642	2.50528			
0.000644	2.50689			
0.000646	2.51076			
0.000648	2.50882			
0.00065	2.50689			
0.000652	2.50786			
0.000654	2.50754			
0.000656	2.50625			
0.000658	2.50593			
0.00066	2.50947			
0.000662	2.50979			
0.000664	2.50754			
0.000666	2.50496			
0.000668	2.50593			
0.00067	2.51011			
0.000672	2.50689			
0.000674	2.50818			
0.000676	2.50657			
0.000678	2.51043			
0.00068	2.50754			
0.000682	2.50818			
0.000684	2.50818			
0.000686	2.50882			
0.000688	2.50786			
0.00069	2.50979			
0.000692	2.50721			
0.000694	2.50979			
0.000696	2.50593			
0.000698	2.50882			
0.0007	2.50786			
0.000702	2.50754			
0.000704	2.50625			
0.000706	2.50979			
0.000708	2.50818			
0.00071	2.50754			
0.000712	2.50721			
0.000714	2.50657			
0.000716	2.50754			
0.000718	2.50947			
0.00072	2.50818			
0.000722	2.50818			
0.000724	2.5085			
0.000726	2.50882			
0.000728	2.50721			
0.00073	2.51076			
0.000732	2.50818			
0.000734	2.50786			
0.000736	2.50818			
0.000738	2.5085			
0.00074	2.50882			
0.000742	2.50786			
0.000744	2.50657			
0.000746	2.50625			
0.000748	2.50721			
0.00075	2.50754			
0.000752	2.50786			
0.000754	2.50786			
0.000756	2.50786			
0.000758	2.50947			
0.00076	2.50689			
0.000762	2.50915			
0.000764	2.50689			
0.000766	2.50689			
0.000768	2.50786			
0.00077	2.50947			
0.000772	2.50979			
0.000774	2.50754			
0.000776	2.50657			
0.000778	2.50979			
0.00078	2.50882			
0.000782	2.50593			
0.000784	2.5085			
0.000786	2.50786			
0.000788	2.50818			
0.00079	2.50689			
0.000792	2.50657			
0.000794	2.50754			
0.000796	2.50786			
0.000798	2.50818			