0.0	0.358195	0.0021820946778353225
2e-06	0.526006	0.0021820946778353225
4e-06	0.85744	0.0021820946778353225
6e-06	1.30741	0.0021820946778353225
8e-06	1.82856	0.0021820946778353225
1e-05	2.42347	0.0021820946778353225
1.2e-05	2.68759	0.0021820946778353225
1.4e-05	3.12371	0.0021820946778353225
1.6e-05	3.44355	0.0021820946778353225
1.8e-05	3.63069	0.0021820946778353225
2e-05	3.70832	0.0021820946778353225
2.2e-05	3.66935	0.0021820946778353225
2.4e-05	3.52118	0.0021820946778353225
2.6e-05	3.26286	0.0021820946778353225
2.8e-05	2.9224	0.0021820946778353225
3e-05	2.51366	0.0021820946778353225
3.2e-05	2.05048	0.0021820946778353225
3.4e-05	1.54447	0.0021820946778353225
3.6e-05	1.01366	0.0021820946778353225
3.8e-05	0.471572	0.0021820946778353225
4e-05	-0.0663233	0.0021820946778353225
4.2e-05	-0.580705	0.0021820946778353225
4.4e-05	-1.04935	0.0021820946778353225
4.6e-05	-1.46356	0.0021820946778353225
4.8e-05	-1.81077	0.0021820946778353225
5e-05	-2.08358	0.0021820946778353225
5.2e-05	-2.28264	0.0021820946778353225
5.4e-05	-2.39794	0.0021820946778353225
5.6e-05	-2.44046	0.0021820946778353225
5.8e-05	-2.39794	0.0021820946778353225
6e-05	-2.28972	0.0021820946778353225
6.2e-05	-2.11257	0.0021820946778353225
6.4e-05	-1.87809	0.0021820946778353225
6.6e-05	-1.60174	0.0021820946778353225
6.8e-05	-1.28383	0.0021820946778353225
7e-05	-0.943702	0.0021820946778353225
7.2e-05	-0.58457	0.0021820946778353225
7.4e-05	-0.22286	0.0021820946778353225
7.6e-05	0.132086	0.0021820946778353225
7.8e-05	0.467063	0.0021820946778353225
8e-05	0.770797	0.0021820946778353225
8.2e-05	1.03749	0.0021820946778353225
8.4e-05	1.25394	0.0021820946778353225
8.6e-05	1.42239	0.0021820946778353225
8.8e-05	1.53964	0.0021820946778353225
9e-05	1.59568	0.0021820946778353225
9.2e-05	1.60116	0.0021820946778353225
9.4e-05	1.55574	0.0021820946778353225
9.6e-05	1.45621	0.0021820946778353225
9.8e-05	1.31642	0.0021820946778353225
0.0001	1.13959	0.0021820946778353225
0.000102	0.933454	0.0021820946778353225
0.000104	0.704123	0.0021820946778353225
0.000106	0.462875	0.0021820946778353225
0.000108	0.216474	0.0021820946778353225
0.00011	-0.0273501	0.0021820946778353225
0.000112	-0.261189	0.0021820946778353225
0.000114	-0.474092	0.0021820946778353225
0.000116	-0.663482	0.0021820946778353225
0.000118	-0.820985	0.0021820946778353225
0.00012	-0.942736	0.0021820946778353225
0.000122	-1.03034	0.0021820946778353225
0.000124	-1.07576	0.0021820946778353225
0.000126	-1.08607	0.0021820946778353225
0.000128	-1.05643	0.0021820946778353225
0.00013	-0.990406	0.0021820946778353225
0.000132	-0.895711	0.0021820946778353225
0.000134	-0.775248	0.0021820946778353225
0.000136	-0.631595	0.0021820946778353225
0.000138	-0.474414	0.0021820946778353225
0.00014	-0.307248	0.0021820946778353225
0.000142	-0.136862	0.0021820946778353225
0.000144	0.0312708	0.0021820946778353225
0.000146	0.191351	0.0021820946778353225
0.000148	0.337903	0.0021820946778353225
0.00015	0.466418	0.0021820946778353225
0.000152	0.572065	0.0021820946778353225
0.000154	0.653877	0.0021820946778353225
0.000156	0.707989	0.0021820946778353225
0.000158	0.7344	0.0021820946778353225
0.00016	0.7344	0.0021820946778353225
0.000162	0.707666	0.0021820946778353225
0.000164	0.658708	0.0021820946778353225
0.000166	0.584627	0.0021820946778353225
0.000168	0.495729	0.0021820946778353225
0.00017	0.392015	0.0021820946778353225
0.000172	0.27896	0.0021820946778353225
0.000174	0.161396	0.0021820946778353225
0.000176	0.0415777	0.0021820946778353225
0.000178	-0.0737314	0.0021820946778353225
0.00018	-0.182277	0.0021820946778353225
0.000182	-0.279549	0.0021820946778353225
0.000184	-0.36297	0.0021820946778353225
0.000186	-0.429644	0.0021820946778353225
0.000188	-0.477635	0.0021820946778353225
0.00019	-0.507268	0.0021820946778353225
0.000192	-0.514998	0.0021820946778353225
0.000194	-0.505979	0.0021820946778353225
0.000196	-0.478279	0.0021820946778353225
0.000198	-0.434153	0.0021820946778353225
0.0002	-0.375532	0.0021820946778353225
0.000202	-0.307248	0.0021820946778353225
0.000204	-0.229946	0.0021820946778353225
0.000206	-0.147169	0.0021820946778353225
0.000208	-0.0640687	0.0021820946778353225
0.00021	0.0187092	0.0021820946778353225
0.000212	0.097944	0.0021820946778353225
0.000214	0.169449	0.0021820946778353225
0.000216	0.231613	0.0021820946778353225
0.000218	0.282825	0.0021820946778353225
0.00022	0.32051	0.0021820946778353225
0.000222	0.344667	0.0021820946778353225
0.000224	0.355618	0.0021820946778353225
0.000226	0.352397	0.0021820946778353225
0.000228	0.335326	0.0021820946778353225
0.00023	0.307626	0.0021820946778353225
0.000232	0.268653	0.0021820946778353225
0.000234	0.221306	0.0021820946778353225
0.000236	0.167838	0.0021820946778353225
0.000238	0.109861	0.0021820946778353225
0.00024	0.0509184	0.0021820946778353225
0.000242	-0.00802454	0.0021820946778353225
0.000244	-0.0643907	0.0021820946778353225
0.000246	-0.115281	0.0021820946778353225
0.000248	-0.161341	0.0021820946778353225
0.00025	-0.198703	0.0021820946778353225
0.000252	-0.227047	0.0021820946778353225
0.000254	-0.245085	0.0021820946778353225
0.000256	-0.252815	0.0021820946778353225
0.000258	-0.252815	0.0021820946778353225
0.00026	-0.241542	0.0021820946778353225
0.000262	-0.22286	0.0021820946778353225
0.000264	-0.196127	0.0021820946778353225
0.000266	-0.162951	0.0021820946778353225
0.000268	-0.124944	0.0021820946778353225
0.00027	-0.0846826	0.0021820946778353225
0.000272	-0.0424884	0.0021820946778353225
0.000274	-0.00126059	0.0021820946778353225
0.000276	0.0396452	0.0021820946778353225
0.000278	0.0770079	0.0021820946778353225
0.00028	0.109217	0.0021820946778353225
0.000282	0.135307	0.0021820946778353225
0.000284	0.155599	0.0021820946778353225
0.000286	0.169126	0.0021820946778353225
0.000288	0.175568	0.0021820946778353225
0.00029	0.174602	0.0021820946778353225
0.000292	0.167194	0.0021820946778353225
0.000294	0.1527	0.0021820946778353225
0.000296	0.133696	0.0021820946778353225
0.000298	0.110184	0.0021820946778353225
0.0003	0.0824835	0.0021820946778353225
0.000302	0.0541394	0.0021820946778353225
0.000304	0.0241847	0.0021820946778353225
0.000306	-0.00544779	0.0021820946778353225
0.000308	-0.0344361	0.0021820946778353225
0.00031	-0.0598814	0.0021820946778353225
0.000312	-0.0837163	0.0021820946778353225
0.000314	-0.102076	0.0021820946778353225
0.000316	-0.116248	0.0021820946778353225
0.000318	-0.124944	0.0021820946778353225
0.00032	-0.128809	0.0021820946778353225
0.000322	-0.127199	0.0021820946778353225
0.000324	-0.121723	0.0021820946778353225
0.000326	-0.111738	0.0021820946778353225
0.000328	-0.0975663	0.0021820946778353225
0.00033	-0.0804954	0.0021820946778353225
0.000332	-0.0614919	0.0021820946778353225
0.000334	-0.0395896	0.0021820946778353225
0.000336	-0.0189757	0.0021820946778353225
0.000338	0.00228243	0.0021820946778353225
0.00034	0.0222522	0.0021820946778353225
0.000342	0.0412556	0.0021820946778353225
0.000344	0.0570382	0.0021820946778353225
0.000346	0.0699219	0.0021820946778353225
0.000348	0.0795847	0.0021820946778353225
0.00035	0.0860265	0.0021820946778353225
0.000352	0.0879591	0.0021820946778353225
0.000354	0.0873149	0.0021820946778353225
0.000356	0.0821614	0.0021820946778353225
0.000358	0.0734649	0.0021820946778353225
0.00036	0.06348	0.0021820946778353225
0.000362	0.0505963	0.0021820946778353225
0.000364	0.0370684	0.0021820946778353225
0.000366	0.0212859	0.0021820946778353225
0.000368	0.00550336	0.0021820946778353225
0.00037	-0.00899081	0.0021820946778353225
0.000372	-0.0231629	0.0021820946778353225
0.000374	-0.0363687	0.0021820946778353225
0.000376	-0.0469977	0.0021820946778353225
0.000378	-0.0560163	0.0021820946778353225
0.00038	-0.0624582	0.0021820946778353225
0.000382	-0.065357	0.0021820946778353225
0.000384	-0.0666454	0.0021820946778353225
0.000386	-0.065357	0.0021820946778353225
0.000388	-0.0614919	0.0021820946778353225
0.00039	-0.0550501	0.0021820946778353225
0.000392	-0.0476419	0.0021820946778353225
0.000394	-0.0383012	0.0021820946778353225
0.000396	-0.0283164	0.0021820946778353225
0.000398	-0.0170431	0.0021820946778353225
0.0004	-0.00641407	0.0021820946778353225
0.000402	0.00421499	0.0021820946778353225
0.000404	0.014844	0.0021820946778353225
0.000406	0.0238626	0.0021820946778353225
0.000408	0.0312708	0.0021820946778353225
0.00041	0.0364243	0.0021820946778353225
0.000412	0.0409336	0.0021820946778353225
0.000414	0.0435103	0.0021820946778353225
0.000416	0.0435103	0.0021820946778353225
0.000418	0.0422219	0.0021820946778353225
0.00042	0.0393231	0.0021820946778353225
0.000422	0.0344917	0.0021820946778353225
0.000424	0.0280498	0.0021820946778353225
0.000426	0.0212859	0.0021820946778353225
0.000428	0.0138778	0.0021820946778353225
0.00043	0.00614754	0.0021820946778353225
0.000432	-0.00287105	0.0021820946778353225
0.000434	-0.00899081	0.0021820946778353225
0.000436	-0.0160769	0.0021820946778353225
0.000438	-0.0225187	0.0021820946778353225
0.00044	-0.0276722	0.0021820946778353225
0.000442	-0.0308931	0.0021820946778353225
0.000444	-0.0337919	0.0021820946778353225
0.000446	-0.0357245	0.0021820946778353225
0.000448	-0.0354024	0.0021820946778353225
0.00045	-0.0337919	0.0021820946778353225
0.000452	-0.0315373	0.0021820946778353225
0.000454	-0.0276722	0.0021820946778353225
0.000456	-0.0231629	0.0021820946778353225
0.000458	-0.0183315	0.0021820946778353225
0.00046	-0.0122117	0.0021820946778353225
0.000462	-0.00673617	0.0021820946778353225
0.000464	-0.000938497	0.0021820946778353225
0.000466	0.00389289	0.0021820946778353225
0.000468	0.00904638	0.0021820946778353225
0.00047	0.0135557	0.0021820946778353225
0.000472	0.0170987	0.0021820946778353225
0.000474	0.0193533	0.0021820946778353225
0.000476	0.0212859	0.0021820946778353225
0.000478	0.0219301	0.0021820946778353225
0.00048	0.0212859	0.0021820946778353225
0.000482	0.0203196	0.0021820946778353225
0.000484	0.0174208	0.0021820946778353225
0.000486	0.0154882	0.0021820946778353225
0.000488	0.0116231	0.0021820946778353225
0.00049	0.0080801	0.0021820946778353225
0.000492	0.00389289	0.0021820946778353225
0.000494	2.78e-05	0.0021820946778353225
0.000496	-0.00448152	0.0021820946778353225
0.000498	-0.00770244	0.0021820946778353225
0.0005	-0.0115676	0.0021820946778353225
0.000502	-0.0141443	0.0021820946778353225
0.000504	-0.016721	0.0021820946778353225
0.000506	-0.0183315	0.0021820946778353225
0.000508	-0.0189757	0.0021820946778353225
0.00051	-0.0196199	0.0021820946778353225
0.000512	-0.0196199	0.0021820946778353225
0.000514	-0.0183315	0.0021820946778353225
0.000516	-0.016721	0.0021820946778353225
0.000518	-0.0144664	0.0021820946778353225
0.00052	-0.0122117	0.0021820946778353225
0.000522	-0.00834663	0.0021820946778353225
0.000524	-0.00576989	0.0021820946778353225
0.000526	-0.00287105	0.0021820946778353225
0.000528	-0.000294312	0.0021820946778353225
0.00053	0.00292662	0.0021820946778353225
0.000532	0.00453708	0.0021820946778353225
0.000534	0.00614754	0.0021820946778353225
0.000536	0.0080801	0.0021820946778353225
0.000538	0.00904638	0.0021820946778353225
0.00054	0.00969056	0.0021820946778353225
0.000542	0.0103347	0.0021820946778353225
0.000544	0.00969056	0.0021820946778353225
0.000546	0.00904638	0.0021820946778353225
0.000548	0.00743591	0.0021820946778353225
0.00055	0.00582545	0.0021820946778353225
0.000552	0.00389289	0.0021820946778353225
0.000554	0.00228243	0.0021820946778353225
0.000556	-0.000294312	0.0021820946778353225
0.000558	-0.00222687	0.0021820946778353225
0.00056	-0.00480361	0.0021820946778353225
0.000562	-0.00576989	0.0021820946778353225
0.000564	-0.00738035	0.0021820946778353225
0.000566	-0.00899081	0.0021820946778353225
0.000568	-0.0106013	0.0021820946778353225
0.00057	-0.0106013	0.0021820946778353225
0.000572	-0.0112455	0.0021820946778353225
0.000574	-0.0112455	0.0021820946778353225
0.000576	-0.0106013	0.0021820946778353225
0.000578	-0.0102792	0.0021820946778353225
0.00058	-0.00899081	0.0021820946778353225
0.000582	-0.00802454	0.0021820946778353225
0.000584	-0.00641407	0.0021820946778353225
0.000586	-0.0051257	0.0021820946778353225
0.000588	-0.00351524	0.0021820946778353225
0.00059	-0.00190477	0.0021820946778353225
0.000592	-0.000938497	0.0021820946778353225
0.000594	0.000994059	0.0021820946778353225
0.000596	0.00163824	0.0021820946778353225
0.000598	0.00324871	0.0021820946778353225
0.0006	0.00292662	0.0021820946778353225
0.000602	0.00389289	0.0021820946778353225
0.000604	0.00421499	0.0021820946778353225
0.000606	0.0035708	0.0021820946778353225
0.000608	0.00389289	0.0021820946778353225
0.00061	0.0035708	0.0021820946778353225
0.000612	0.00260452	0.0021820946778353225
0.000614	0.00196034	0.0021820946778353225
0.000616	0.000349874	0.0021820946778353225
0.000618	-0.000294312	0.0021820946778353225
0.00062	-0.000938497	0.0021820946778353225
0.000622	-0.00287105	0.0021820946778353225
0.000624	-0.00287105	0.0021820946778353225
0.000626	-0.00415942	0.0021820946778353225
0.000628	-0.00448152	0.0021820946778353225
0.00063	-0.00641407	0.0021820946778353225
0.000632	-0.00609198	0.0021820946778353225
0.000634	-0.00673617	0.0021820946778353225
0.000636	-0.00641407	0.0021820946778353225
0.000638	-0.00705826	0.0021820946778353225
0.00064	-0.00609198	0.0021820946778353225
0.000642	-0.00544779	0.0021820946778353225
0.000644	-0.00544779	0.0021820946778353225
0.000646	-0.0051257	0.0021820946778353225
0.000648	-0.00415942	0.0021820946778353225
0.00065	-0.00351524	0.0021820946778353225
0.000652	-0.00351524	0.0021820946778353225
0.000654	-0.00222687	0.0021820946778353225
0.000656	-0.00190477	0.0021820946778353225
0.000658	-0.00126059	0.0021820946778353225
0.00066	-0.000938497	0.0021820946778353225
0.000662	-0.000294312	0.0021820946778353225
0.000664	-0.000616404	0.0021820946778353225
0.000666	0.000349874	0.0021820946778353225
0.000668	2.78e-05	0.0021820946778353225
0.00067	0.000349874	0.0021820946778353225
0.000672	-0.000616404	0.0021820946778353225
0.000674	-0.000616404	0.0021820946778353225
0.000676	-0.000938497	0.0021820946778353225
0.000678	-0.000938497	0.0021820946778353225
0.00068	-0.00158268	0.0021820946778353225
0.000682	-0.00222687	0.0021820946778353225
0.000684	-0.00222687	0.0021820946778353225
0.000686	-0.00254896	0.0021820946778353225
0.000688	-0.00287105	0.0021820946778353225
0.00069	-0.00319315	0.0021820946778353225
0.000692	-0.00287105	0.0021820946778353225
0.000694	-0.00351524	0.0021820946778353225
0.000696	-0.00448152	0.0021820946778353225
0.000698	-0.00415942	0.0021820946778353225
0.0007	-0.00415942	0.0021820946778353225
0.000702	-0.00415942	0.0021820946778353225
0.000704	-0.00415942	0.0021820946778353225
0.000706	-0.00383733	0.0021820946778353225
0.000708	-0.00383733	0.0021820946778353225
0.00071	-0.00351524	0.0021820946778353225
0.000712	-0.00319315	0.0021820946778353225
0.000714	-0.00254896	0.0021820946778353225
0.000716	-0.00222687	0.0021820946778353225
0.000718	-0.00222687	0.0021820946778353225
0.00072	-0.00190477	0.0021820946778353225
0.000722	-0.00158268	0.0021820946778353225
0.000724	-0.00126059	0.0021820946778353225
0.000726	-0.000938497	0.0021820946778353225
0.000728	-0.000938497	0.0021820946778353225
0.00073	-0.000294312	0.0021820946778353225
0.000732	2.78e-05	0.0021820946778353225
0.000734	-0.000294312	0.0021820946778353225
0.000736	-0.000938497	0.0021820946778353225
0.000738	-0.00126059	0.0021820946778353225
0.00074	-0.000938497	0.0021820946778353225
0.000742	-0.00126059	0.0021820946778353225
0.000744	-0.00190477	0.0021820946778353225
0.000746	-0.00190477	0.0021820946778353225
0.000748	-0.00254896	0.0021820946778353225
0.00075	-0.00287105	0.0021820946778353225
0.000752	-0.00254896	0.0021820946778353225
0.000754	-0.00351524	0.0021820946778353225
0.000756	-0.00351524	0.0021820946778353225
0.000758	-0.00351524	0.0021820946778353225
0.00076	-0.00415942	0.0021820946778353225
0.000762	-0.00351524	0.0021820946778353225
0.000764	-0.00415942	0.0021820946778353225
0.000766	-0.00287105	0.0021820946778353225
0.000768	-0.00383733	0.0021820946778353225
0.00077	-0.00351524	0.0021820946778353225
0.000772	-0.00287105	0.0021820946778353225
0.000774	-0.00287105	0.0021820946778353225
0.000776	-0.00287105	0.0021820946778353225
0.000778	-0.00254896	0.0021820946778353225
0.00078	-0.00254896	0.0021820946778353225
0.000782	-0.00222687	0.0021820946778353225
0.000784	-0.00158268	0.0021820946778353225
0.000786	-0.00158268	0.0021820946778353225
0.000788	-0.00190477	0.0021820946778353225
0.00079	-0.000938497	0.0021820946778353225
0.000792	-0.00126059	0.0021820946778353225
0.000794	-0.000616404	0.0021820946778353225
0.000796	-0.000938497	0.0021820946778353225
0.000798	-0.00126059	0.0021820946778353225
0.0008	-0.00158268	0.0021820946778353225
0.000802	-0.00126059	0.0021820946778353225
0.000804	-0.00158268	0.0021820946778353225
0.000806	-0.00158268	0.0021820946778353225
0.000808	-0.00190477	0.0021820946778353225
0.00081	-0.00222687	0.0021820946778353225
0.000812	-0.00222687	0.0021820946778353225
0.000814	-0.00254896	0.0021820946778353225
0.000816	-0.00287105	0.0021820946778353225
0.000818	-0.00222687	0.0021820946778353225
0.00082	-0.00319315	0.0021820946778353225
0.000822	-0.00287105	0.0021820946778353225
0.000824	-0.00287105	0.0021820946778353225
0.000826	-0.00319315	0.0021820946778353225
0.000828	-0.00287105	0.0021820946778353225
0.00083	-0.00254896	0.0021820946778353225
0.000832	-0.00319315	0.0021820946778353225
0.000834	-0.00287105	0.0021820946778353225
0.000836	-0.00287105	0.0021820946778353225
0.000838	-0.00254896	0.0021820946778353225
0.00084	-0.00254896	0.0021820946778353225
0.000842	-0.00287105	0.0021820946778353225
0.000844	-0.00254896	0.0021820946778353225
0.000846	-0.00287105	0.0021820946778353225
0.000848	-0.00254896	0.0021820946778353225
0.00085	-0.00190477	0.0021820946778353225
0.000852	-0.00190477	0.0021820946778353225
0.000854	-0.00158268	0.0021820946778353225
0.000856	-0.00158268	0.0021820946778353225
0.000858	-0.00158268	0.0021820946778353225
0.00086	-0.00190477	0.0021820946778353225
0.000862	-0.00158268	0.0021820946778353225
0.000864	-0.00222687	0.0021820946778353225
0.000866	-0.00158268	0.0021820946778353225
0.000868	-0.00190477	0.0021820946778353225
0.00087	-0.00190477	0.0021820946778353225
0.000872	-0.00254896	0.0021820946778353225
0.000874	-0.00222687	0.0021820946778353225
0.000876	-0.00287105	0.0021820946778353225
0.000878	-0.00222687	0.0021820946778353225
0.00088	-0.00287105	0.0021820946778353225
0.000882	-0.00254896	0.0021820946778353225
0.000884	-0.00222687	0.0021820946778353225
0.000886	-0.00287105	0.0021820946778353225
0.000888	-0.00319315	0.0021820946778353225
0.00089	-0.00287105	0.0021820946778353225
0.000892	-0.00254896	0.0021820946778353225
0.000894	-0.00254896	0.0021820946778353225
0.000896	-0.00287105	0.0021820946778353225
0.000898	-0.00222687	0.0021820946778353225
0.0009	-0.00254896	0.0021820946778353225
0.000902	-0.00254896	0.0021820946778353225
0.000904	-0.00222687	0.0021820946778353225
0.000906	-0.00222687	0.0021820946778353225
0.000908	-0.00222687	0.0021820946778353225
0.00091	-0.00287105	0.0021820946778353225
0.000912	-0.00254896	0.0021820946778353225
0.000914	-0.00158268	0.0021820946778353225
0.000916	-0.00222687	0.0021820946778353225
0.000918	-0.00158268	0.0021820946778353225
0.00092	-0.00222687	0.0021820946778353225
0.000922	-0.00158268	0.0021820946778353225
0.000924	-0.00158268	0.0021820946778353225
0.000926	-0.00222687	0.0021820946778353225
0.000928	-0.00158268	0.0021820946778353225
0.00093	-0.00222687	0.0021820946778353225
0.000932	-0.00158268	0.0021820946778353225
0.000934	-0.00222687	0.0021820946778353225
0.000936	-0.00222687	0.0021820946778353225
0.000938	-0.00190477	0.0021820946778353225
0.00094	-0.00222687	0.0021820946778353225
0.000942	-0.00254896	0.0021820946778353225
0.000944	-0.00254896	0.0021820946778353225
0.000946	-0.00351524	0.0021820946778353225
0.000948	-0.00319315	0.0021820946778353225
0.00095	-0.00319315	0.0021820946778353225
0.000952	-0.00287105	0.0021820946778353225
0.000954	-0.00287105	0.0021820946778353225
0.000956	-0.00287105	0.0021820946778353225
0.000958	-0.00319315	0.0021820946778353225
0.00096	-0.00319315	0.0021820946778353225
0.000962	-0.00254896	0.0021820946778353225
0.000964	-0.00254896	0.0021820946778353225
0.000966	-0.00287105	0.0021820946778353225
0.000968	-0.00222687	0.0021820946778353225
0.00097	-0.00222687	0.0021820946778353225
0.000972	-0.00222687	0.0021820946778353225
0.000974	-0.00190477	0.0021820946778353225
0.000976	-0.00222687	0.0021820946778353225
0.000978	-0.00222687	0.0021820946778353225
0.00098	-0.00190477	0.0021820946778353225
0.000982	-0.00222687	0.0021820946778353225
0.000984	-0.00254896	0.0021820946778353225
0.000986	-0.00190477	0.0021820946778353225
0.000988	-0.00222687	0.0021820946778353225
0.00099	-0.00158268	0.0021820946778353225
0.000992	-0.00222687	0.0021820946778353225
0.000994	-0.00254896	0.0021820946778353225
0.000996	-0.00222687	0.0021820946778353225
0.000998	-0.00158268	0.0021820946778353225
