TimeV_S	AmplitudeV_S	TimeV_C	AmplitudeV_C	TimeV_R	AmplitudeV_R
0	4.53194	0	0.354974	0	0.0853824
2.00E-06	4.98997	2.00E-06	0.557249	2.00E-06	0.168804
4.00E-06	4.98739	4.00E-06	0.902533	4.00E-06	0.247073
6.00E-06	4.98739	6.00E-06	1.36087	6.00E-06	0.322765
8.00E-06	4.989	8.00E-06	1.91423	8.00E-06	0.393303
1.00E-05	0.450958	1.00E-05	2.18447	1.00E-05	0.376554
1.20E-05	-0.00448152	1.20E-05	2.64153	1.20E-05	0.353686
1.40E-05	-0.00158268	1.40E-05	3.01484	1.40E-05	0.324053
1.60E-05	-0.000294312	1.60E-05	3.27445	1.60E-05	0.283147
1.80E-05	-0.00158268	1.80E-05	3.43292	1.80E-05	0.232579
2.00E-05	0.000349874	2.00E-05	3.46997	2.00E-05	0.176857
2.20E-05	0.00260452	2.20E-05	3.39717	2.20E-05	0.122745
2.40E-05	0.00228243	2.40E-05	3.22904	2.40E-05	0.0650905
2.60E-05	0.00163824	2.60E-05	2.96202	2.60E-05	0.00550336
2.80E-05	0.0035708	2.80E-05	2.61576	2.80E-05	-0.0463536
3.00E-05	0.00550336	3.00E-05	2.2067	3.00E-05	-0.102398
3.20E-05	0.0035708	3.20E-05	1.74449	3.20E-05	-0.149745
3.40E-05	0.00292662	3.40E-05	1.24653	3.40E-05	-0.190007
3.60E-05	0.00582545	3.60E-05	0.727314	3.60E-05	-0.226081
3.80E-05	0.00518126	3.80E-05	0.198759	3.80E-05	-0.251849
4.00E-05	0.00324871	4.00E-05	-0.321098	4.00E-05	-0.269564
4.20E-05	0.0035708	4.20E-05	-0.812289	4.20E-05	-0.27826
4.40E-05	0.00389289	4.40E-05	-1.25967	4.40E-05	-0.275683
4.60E-05	0.00131615	4.60E-05	-1.6449	4.60E-05	-0.266343
4.80E-05	0.000671966	4.80E-05	-1.96087	4.80E-05	-0.249916
5.00E-05	0.000994059	5.00E-05	-2.21564	5.00E-05	-0.22286
5.20E-05	0.00163824	5.20E-05	-2.37926	5.20E-05	-0.192261
5.40E-05	-0.000938497	5.40E-05	-2.4688	5.40E-05	-0.160696
5.60E-05	-0.00158268	5.60E-05	-2.47879	5.60E-05	-0.118502
5.80E-05	-0.000616404	5.80E-05	-2.40986	5.80E-05	-0.0734093
6.00E-05	-0.00190477	6.00E-05	-2.26911	6.00E-05	-0.0357245
6.20E-05	-0.00351524	6.20E-05	-2.06104	6.20E-05	0.00711382
6.40E-05	-0.00351524	6.40E-05	-1.79499	6.40E-05	0.0483417
6.60E-05	-0.00222687	6.60E-05	-1.48514	6.60E-05	0.0857044
6.80E-05	-0.00383733	6.80E-05	-1.14082	6.80E-05	0.119202
7.00E-05	-0.00383733	7.00E-05	-0.772027	7.00E-05	0.144647
7.20E-05	-0.00222687	7.20E-05	-0.39067	7.20E-05	0.170415
7.40E-05	-0.00319315	7.40E-05	-0.00834663	7.40E-05	0.185231
7.60E-05	-0.00351524	7.60E-05	0.362704	7.60E-05	0.19586
7.80E-05	-0.00448152	7.80E-05	0.708633	7.80E-05	0.199403
8.00E-05	-0.000938497	8.00E-05	1.01849	8.00E-05	0.196826
8.20E-05	-0.00158268	8.20E-05	1.28422	8.20E-05	0.185875
8.40E-05	-0.00254896	8.40E-05	1.49583	8.40E-05	0.170737
8.60E-05	-0.000294312	8.60E-05	1.65205	8.60E-05	0.151089
8.80E-05	0.000349874	8.80E-05	1.75029	8.80E-05	0.125322
9.00E-05	0.000349874	9.00E-05	1.78862	9.00E-05	0.100521
9.20E-05	-0.000616404	9.20E-05	1.76704	9.20E-05	0.0647684
9.40E-05	0.00196034	9.40E-05	1.68909	9.40E-05	0.0335254
9.60E-05	0.00228243	9.60E-05	1.55316	9.60E-05	0.00324871
9.80E-05	2.78E-05	9.80E-05	1.37118	9.80E-05	-0.0273501
1.00E-04	0.00228243	1.00E-04	1.15506	1.00E-04	-0.0550501
0.000102	0.00324871	0.000102	0.905754	0.000102	-0.0814617
0.000104	0.00292662	0.000104	0.637128	0.000104	-0.104974
0.000106	0.000349874	0.000106	0.356585	0.000106	-0.123334
0.000108	0.00196034	0.000108	0.0721766	0.000108	-0.136217
0.00011	0.00292662	0.00011	-0.205789	0.00011	-0.144592
0.000112	0.000349874	0.000112	-0.466362	0.000112	-0.148457
0.000114	0.000349874	0.000114	-0.702778	0.000114	-0.146202
0.000116	0.00131615	0.000116	-0.908272	0.000116	-0.141371
0.000118	0.00163824	0.000118	-1.07576	0.000118	-0.129131
0.00012	-0.000294312	0.00012	-1.19912	0.00012	-0.115281
0.000122	-0.000616404	0.000122	-1.27771	0.000122	-0.0978884
0.000124	0.000349874	0.000124	-1.31282	0.000124	-0.0753419
0.000126	-0.00126059	0.000126	-1.30122	0.000126	-0.0527954
0.000128	-0.00254896	0.000128	-1.24518	0.000128	-0.0276722
0.00013	-0.000938497	0.00013	-1.14759	0.00013	-0.00544779
0.000132	-0.000294312	0.000132	-1.01295	0.000132	0.0222522
0.000134	-0.00254896	0.000134	-0.847397	0.000134	0.0418998
0.000136	-0.00254896	0.000136	-0.660906	0.000136	0.0612254
0.000138	-0.00126059	0.000138	-0.459598	0.000138	0.0779742
0.00014	-0.00158268	0.00014	-0.247983	0.00014	0.0905358
0.000142	-0.00254896	0.000142	-0.0344361	0.000142	0.101809
0.000144	-0.00190477	0.000144	0.173314	0.000144	0.107929
0.000146	-0.000294312	0.000146	0.367536	0.000146	0.109217
0.000148	-0.00126059	0.000148	0.543721	0.000148	0.108895
0.00015	-0.00222687	0.00015	0.693494	0.00015	0.103097
0.000152	-0.000294312	0.000152	0.814924	0.000152	0.0931126
0.000154	-0.000294312	0.000154	0.904788	0.000154	0.0828056
0.000156	-0.00126059	0.000156	0.959222	0.000156	0.0679893
0.000158	-0.000616404	0.000158	0.976293	0.000158	0.0525289
0.00016	0.00196034	0.00016	0.96051	0.00016	0.0341696
0.000162	0.000994059	0.000162	0.910263	0.000162	0.0138778
0.000164	-0.000616404	0.000164	0.827163	0.000164	-0.00448152
0.000166	0.00196034	0.000166	0.717651	0.000166	-0.023485
0.000168	0.00228243	0.000168	0.588492	0.000168	-0.0389454
0.00017	0.000994059	0.00017	0.441295	0.00017	-0.0521512
0.000172	0.000349874	0.000172	0.284436	0.000172	-0.065357
0.000174	0.00228243	0.000174	0.122423	0.000174	-0.0743756
0.000176	0.00131615	0.000176	-0.0392675	0.000176	-0.0801733
0.000178	-0.000294312	0.000178	-0.19355	0.000178	-0.0846826
0.00018	0.000994059	0.00018	-0.337847	0.00018	-0.0853268
0.000182	0.00163824	0.000182	-0.463463	0.000182	-0.0821058
0.000184	-0.000294312	0.000184	-0.568465	0.000184	-0.0759861
0.000186	-0.000616404	0.000186	-0.649955	0.000186	-0.0689
0.000188	-0.000294312	0.000188	-0.705354	0.000188	-0.0585931
0.00019	0.000994059	0.00019	-0.734987	0.00019	-0.047964
0.000192	-0.00190477	0.000192	-0.734343	0.000192	-0.0321815
0.000194	-0.000938497	0.000194	-0.707609	0.000194	-0.0189757
0.000196	-0.000294312	0.000196	-0.65543	0.000196	-0.00351524
0.000198	-0.000938497	0.000198	-0.581993	0.000198	0.0100127
0.0002	-0.00222687	0.0002	-0.490197	0.0002	0.0212859
0.000202	-0.00158268	0.000202	-0.381974	0.000202	0.0351359
0.000204	2.78E-05	0.000204	-0.26441	0.000204	0.0454429
0.000206	-0.00190477	0.000206	-0.141371	0.000206	0.0518847
0.000208	-0.00254896	0.000208	-0.0163989	0.000208	0.0592928
0.00021	-0.000294312	0.00021	0.104708	0.00021	0.0621917
0.000212	-0.000294312	0.000212	0.218729	0.000212	0.06348
0.000214	-0.00158268	0.000214	0.320188	0.000214	0.0628359
0.000216	-0.00158268	0.000216	0.406187	0.000216	0.0586487
0.000218	0.000671966	0.000218	0.476081	0.000218	0.0538173
0.00022	-0.000294312	0.00022	0.525684	0.00022	0.0451208
0.000222	-0.00158268	0.000222	0.553062	0.000222	0.0357801
0.000224	0.000671966	0.000224	0.559503	0.000224	0.0270836
0.000226	0.000994059	0.000226	0.544365	0.000226	0.0154882
0.000228	-0.000294312	0.000228	0.509579	0.000228	0.00421499
0.00023	-0.000616404	0.00023	0.456111	0.00023	-0.00673617
0.000232	0.00131615	0.000232	0.387506	0.000232	-0.0173652
0.000234	0.000671966	0.000234	0.306338	0.000234	-0.0263838
0.000236	-0.000616404	0.000236	0.218407	0.000236	-0.0347582
0.000238	0.000671966	0.000238	0.122101	0.000238	-0.0415222
0.00024	0.00163824	0.00024	0.0270836	0.00024	-0.0466757
0.000242	0.000994059	0.000242	-0.0682559	0.000242	-0.0492524
0.000244	-0.000938497	0.000244	-0.156187	0.000244	-0.0505408
0.000246	0.00131615	0.000246	-0.23671	0.000246	-0.0502187
0.000248	0.000349874	0.000248	-0.305316	0.000248	-0.047964
0.00025	-0.000294312	0.00025	-0.360394	0.00025	-0.0431326
0.000252	-0.000938497	0.000252	-0.400333	0.000252	-0.0366908
0.000254	0.000349874	0.000254	-0.423524	0.000254	-0.0299268
0.000256	0.000671966	0.000256	-0.430932	0.000256	-0.0231629
0.000258	-0.00190477	0.000258	-0.421591	0.000258	-0.0138222
0.00026	2.78E-05	0.00026	-0.394858	0.00026	-0.0051257
0.000262	0.000349874	0.000262	-0.35524	0.000262	0.00389289
0.000264	-0.00126059	0.000264	-0.302739	0.000264	0.0109789
0.000266	-0.00254896	0.000266	-0.240253	0.000266	0.0187092
0.000268	-0.000938497	0.000268	-0.172614	0.000268	0.0245068
0.00027	0.000994059	0.00027	-0.0991767	0.00027	0.0309487
0.000272	-0.00222687	0.000272	-0.023485	0.000272	0.0351359
0.000274	-0.00126059	0.000274	0.049308	0.000274	0.0367463
0.000276	2.78E-05	0.000276	0.117914	0.000276	0.0377126
0.000278	-0.000616404	0.000278	0.181044	0.000278	0.0370684
0.00028	-0.00158268	0.00028	0.233867	0.00028	0.0351359
0.000282	-0.000938497	0.000282	0.276706	0.000282	0.0312708
0.000284	0.00163824	0.000284	0.307304	0.000284	0.0274057
0.000286	-0.000938497	0.000286	0.325342	0.000286	0.0219301
0.000288	-0.000938497	0.000288	0.329851	0.000288	0.0154882
0.00029	0.00131615	0.00029	0.322765	0.00029	0.00969056
0.000292	0.000671966	0.000292	0.301829	0.000292	0.00196034
0.000294	-0.000938497	0.000294	0.269619	0.000294	-0.00448152
0.000296	-0.000294312	0.000296	0.228714	0.000296	-0.0109234
0.000298	0.00163824	0.000298	0.179433	0.000298	-0.0170431
0.0003	2.78E-05	0.0003	0.126288	0.0003	-0.0218745
0.000302	-0.00158268	0.000302	0.0686335	0.000302	-0.0257396
0.000304	0.00131615	0.000304	0.0103347	0.000304	-0.0286385
0.000306	0.000671966	0.000306	-0.0463536	0.000306	-0.0299268
0.000308	-0.00126059	0.000308	-0.0991767	0.000308	-0.0308931
0.00031	-0.000294312	0.00031	-0.147169	0.00031	-0.0302489
0.000312	0.00131615	0.000312	-0.188396	0.000312	-0.0286385
0.000314	0.000671966	0.000314	-0.219961	0.000314	-0.0260617
0.000316	-0.00190477	0.000316	-0.24283	0.000316	-0.0218745
0.000318	0.000349874	0.000318	-0.254747	0.000318	-0.0176873
0.00032	0.000994059	0.00032	-0.258613	0.00032	-0.013178
0.000322	-0.00126059	0.000322	-0.249594	0.000322	-0.00770244
0.000324	-0.00190477	0.000324	-0.232201	0.000324	-0.00254896
0.000326	2.78E-05	0.000326	-0.205789	0.000326	0.00324871
0.000328	0.000349874	0.000328	-0.173258	0.000328	0.00775801
0.00033	-0.00158268	0.00033	-0.134285	0.00033	0.0119452
0.000332	-0.000938497	0.000332	-0.0917686	0.000332	0.0164545
0.000334	0.000349874	0.000334	-0.0469977	0.000334	0.0193533
0.000336	-0.00126059	0.000336	-0.00158268	0.000336	0.021608
0.000338	-0.00222687	0.000338	0.0418998	0.000338	0.021608
0.00034	-0.000616404	0.00034	0.0834498	0.00034	0.0219301
0.000342	0.000671966	0.000342	0.119524	0.000342	0.0219301
0.000344	-0.00158268	0.000344	0.150123	0.000344	0.0206417
0.000346	-0.00126059	0.000346	0.173636	0.000346	0.0177429
0.000348	0.000349874	0.000348	0.18974	0.000348	0.014522
0.00035	0.000671966	0.00035	0.197149	0.00035	0.0119452
0.000352	-0.00126059	0.000352	0.197149	0.000352	0.00775801
0.000354	-0.00158268	0.000354	0.189418	0.000354	0.00292662
0.000356	0.00131615	0.000356	0.173314	0.000356	-0.000616404
0.000358	-0.000938497	0.000358	0.1527	0.000358	-0.00480361
0.00036	-0.000938497	0.00036	0.125644	0.00036	-0.00866872
0.000362	0.000994059	0.000362	0.0940789	0.000362	-0.0125338
0.000364	0.000671966	0.000364	0.0602591	0.000364	-0.0147885
0.000366	-0.000294312	0.000366	0.025151	0.000366	-0.0173652
0.000368	-0.000938497	0.000368	-0.00995709	0.000368	-0.0183315
0.00037	0.00163824	0.00037	-0.0437768	0.00037	-0.0192978
0.000372	2.78E-05	0.000372	-0.0746977	0.000372	-0.0180094
0.000374	-0.00126059	0.000374	-0.102398	0.000374	-0.0183315
0.000376	2.78E-05	0.000376	-0.1243	0.000376	-0.0163989
0.000378	0.000349874	0.000378	-0.140727	0.000378	-0.0151106
0.00038	2.78E-05	0.00038	-0.152322	0.00038	-0.0122117
0.000382	-0.00190477	0.000382	-0.156509	0.000382	-0.009635
0.000384	2.78E-05	0.000384	-0.154255	0.000384	-0.00641407
0.000386	-0.000294312	0.000386	-0.146846	0.000386	-0.00351524
0.000388	-0.00158268	0.000388	-0.133319	0.000388	0.000994059
0.00039	-0.000294312	0.00039	-0.114637	0.00039	0.0035708
0.000392	0.000994059	0.000392	-0.0927349	0.000392	0.00614754
0.000394	2.78E-05	0.000394	-0.0669675	0.000394	0.00840219
0.000396	-0.00222687	0.000396	-0.0399117	0.000396	0.0106568
0.000398	-0.000294312	0.000398	-0.0125338	0.000398	0.0122673
0.0004	0.000671966	0.0004	0.014522	0.0004	0.0129115
0.000402	-0.00126059	0.000402	0.0412556	0.000402	0.0135557
0.000404	-0.000938497	0.000404	0.0638021	0.000404	0.0132336
0.000406	0.000349874	0.000406	0.0847382	0.000406	0.0122673
0.000408	0.000994059	0.000408	0.100521	0.000408	0.0109789
0.00041	-0.00158268	0.00041	0.112116	0.00041	0.00904638
0.000412	-0.000938497	0.000412	0.11888	0.000412	0.00711382
0.000414	0.000671966	0.000414	0.120813	0.000414	0.00485917
0.000416	-0.000616404	0.000416	0.11727	0.000416	0.00228243
0.000418	-0.000938497	0.000418	0.110506	0.000418	2.78E-05
0.00042	2.78E-05	0.00042	0.097944	0.00042	-0.00287105
0.000422	0.00163824	0.000422	0.0818393	0.000422	-0.00480361
0.000424	-0.000938497	0.000424	0.06348	0.000424	-0.00705826
0.000426	-0.000938497	0.000426	0.0431882	0.000426	-0.00931291
0.000428	0.000671966	0.000428	0.0209638	0.000428	-0.0109234
0.00043	0.000671966	0.00043	-0.000616404	0.00043	-0.0106013
0.000432	-0.000616404	0.000432	-0.0205861	0.000432	-0.0112455
0.000434	-0.000294312	0.000434	-0.040878	0.000434	-0.0118896
0.000436	0.00196034	0.000436	-0.0585931	0.000436	-0.0109234
0.000438	-0.000294312	0.000438	-0.0730872	0.000438	-0.0109234
0.00044	-0.000616404	0.00044	-0.0850047	0.00044	-0.00995709
0.000442	0.000994059	0.000442	-0.0927349	0.000442	-0.00802454
0.000444	-0.000294312	0.000444	-0.0959558	0.000444	-0.00641407
0.000446	-0.00158268	0.000446	-0.0962779	0.000446	-0.00480361
0.000448	-0.00126059	0.000448	-0.0920907	0.000448	-0.00287105
0.00045	0.000671966	0.00045	-0.0850047	0.00045	-0.000616404
0.000452	2.78E-05	0.000452	-0.0740535	0.000452	0.00228243
0.000454	-0.00158268	0.000454	-0.0605256	0.000454	0.0035708
0.000456	-0.000294312	0.000456	-0.0453873	0.000456	0.00453708
0.000458	0.000349874	0.000458	-0.0286385	0.000458	0.00582545
0.00046	-0.000616404	0.00046	-0.0115676	0.00046	0.00711382
0.000462	-0.00158268	0.000462	0.00485917	0.000462	0.00775801
0.000464	2.78E-05	0.000464	0.0212859	0.000464	0.00775801
0.000466	0.000349874	0.000466	0.0361022	0.000466	0.00775801
0.000468	-0.00190477	0.000468	0.049308	0.000468	0.00711382
0.00047	-0.000294312	0.00047	0.0596149	0.00047	0.00646963
0.000472	0.000994059	0.000472	0.066701	0.000472	0.00518126
0.000474	-0.000616404	0.000474	0.0724986	0.000474	0.00389289
0.000476	-0.000938497	0.000476	0.0741091	0.000476	0.00324871
0.000478	-0.000294312	0.000478	0.0728207	0.000478	0.00196034
0.00048	0.00131615	0.00048	0.0686335	0.00048	2.78E-05
0.000482	-0.00126059	0.000482	0.0615475	0.000482	-0.00254896
0.000484	-0.000616404	0.000484	0.0525289	0.000484	-0.00351524
0.000486	0.00163824	0.000486	0.0402894	0.000486	-0.00448152
0.000488	0.000349874	0.000488	0.028694	0.000488	-0.00544779
0.00049	2.78E-05	0.00049	0.0154882	0.00049	-0.00673617
0.000492	-0.000938497	0.000492	0.00228243	0.000492	-0.00738035
0.000494	0.000994059	0.000494	-0.0118896	0.000494	-0.00705826
0.000496	-0.000938497	0.000496	-0.0231629	0.000496	-0.00738035
0.000498	-0.00126059	0.000498	-0.0350803	0.000498	-0.00738035
0.0005	0.00131615	0.0005	-0.044421	0.0005	-0.00609198
0.000502	0.000994059	0.000502	-0.0521512	0.000502	-0.00641407
0.000504	-0.000616404	0.000504	-0.0569826	0.000504	-0.0051257
0.000506	-0.00222687	0.000506	-0.0589152	0.000506	-0.00448152
0.000508	0.000671966	0.000508	-0.0602035	0.000508	-0.00287105
0.00051	2.78E-05	0.00051	-0.0579489	0.00051	-0.00190477
0.000512	-0.000938497	0.000512	-0.0534396	0.000512	-0.000616404
0.000514	2.78E-05	0.000514	-0.0466757	0.000514	2.78E-05
0.000516	2.78E-05	0.000516	-0.0395896	0.000516	0.00163824
0.000518	-0.000938497	0.000518	-0.0302489	0.000518	0.00260452
0.00052	-0.00158268	0.00052	-0.019942	0.00052	0.00324871
0.000522	2.78E-05	0.000522	-0.00899081	0.000522	0.00421499
0.000524	-0.000294312	0.000524	0.00196034	0.000524	0.00421499
0.000526	-0.00158268	0.000526	0.0116231	0.000526	0.00389289
0.000528	-0.000616404	0.000528	0.0206417	0.000528	0.00421499
0.00053	0.000994059	0.00053	0.0290161	0.00053	0.00421499
0.000532	-0.000294312	0.000532	0.0361022	0.000532	0.00389289
0.000534	-0.00222687	0.000534	0.0412556	0.000534	0.00292662
0.000536	2.78E-05	0.000536	0.0444766	0.000536	0.00228243
0.000538	0.000671966	0.000538	0.046087	0.000538	0.00163824
0.00054	-0.000616404	0.00054	0.0447987	0.00054	0.000349874
0.000542	-0.000938497	0.000542	0.0428661	0.000542	2.78E-05
0.000544	0.000671966	0.000544	0.0373905	0.000544	-0.000938497
0.000546	0.000671966	0.000546	0.0322371	0.000546	-0.00222687
0.000548	-0.00158268	0.000548	0.0257952	0.000548	-0.00319315
0.00055	-0.000294312	0.00055	0.0183871	0.00055	-0.00415942
0.000552	0.000994059	0.000552	0.0100127	0.000552	-0.00448152
0.000554	-0.00126059	0.000554	0.00163824	0.000554	-0.00480361
0.000556	-0.00158268	0.000556	-0.00641407	0.000556	-0.00480361
0.000558	0.000349874	0.000558	-0.0151106	0.000558	-0.00480361
0.00056	0.00131615	0.00056	-0.0218745	0.00056	-0.00480361
0.000562	-0.00158268	0.000562	-0.0273501	0.000562	-0.00415942
0.000564	-0.000938497	0.000564	-0.0321815	0.000564	-0.00383733
0.000566	0.000994059	0.000566	-0.0360466	0.000566	-0.00319315
0.000568	2.78E-05	0.000568	-0.0370129	0.000568	-0.00287105
0.00057	-0.00126059	0.00057	-0.0379792	0.00057	-0.00190477
0.000572	-0.000294312	0.000572	-0.0360466	0.000572	-0.000938497
0.000574	0.000994059	0.000574	-0.0344361	0.000574	-0.000616404
0.000576	-0.000938497	0.000576	-0.0296047	0.000576	2.78E-05
0.000578	-0.000938497	0.000578	-0.0250954	0.000578	0.000671966
0.00058	0.000994059	0.00058	-0.0196199	0.00058	0.00196034
0.000582	2.78E-05	0.000582	-0.0128559	0.000582	0.00260452
0.000584	-0.00158268	0.000584	-0.00641407	0.000584	0.00228243
0.000586	-0.000616404	0.000586	0.000349874	0.000586	0.00260452
0.000588	0.000671966	0.000588	0.00614754	0.000588	0.00196034
0.00059	0.000349874	0.00059	0.0122673	0.00059	0.00228243
0.000592	-0.000938497	0.000592	0.0177429	0.000592	0.00260452
0.000594	0.000349874	0.000594	0.0219301	0.000594	0.00196034
0.000596	0.000671966	0.000596	0.0241847	0.000596	0.00196034
0.000598	-0.000938497	0.000598	0.0267615	0.000598	0.000994059
0.0006	-0.000294312	0.0006	0.0280498	0.0006	0.000671966
0.000602	0.000349874	0.000602	0.0274057	0.000602	0.000349874
0.000604	0.000671966	0.000604	0.025151	0.000604	-0.000294312
0.000606	-0.00158268	0.000606	0.0235405	0.000606	-0.00158268
0.000608	-0.000616404	0.000608	0.0199975	0.000608	-0.00222687
0.00061	0.000994059	0.00061	0.0154882	0.00061	-0.00222687
0.000612	-0.000616404	0.000612	0.011301	0.000612	-0.00287105
0.000614	-0.00158268	0.000614	0.00614754	0.000614	-0.00351524
0.000616	0.000349874	0.000616	0.000671966	0.000616	-0.00383733
0.000618	0.00163824	0.000618	-0.00480361	0.000618	-0.00254896
0.00062	-0.000616404	0.00062	-0.00899081	0.00062	-0.00351524
0.000622	-0.000616404	0.000622	-0.0138222	0.000622	-0.00319315
0.000624	0.000994059	0.000624	-0.0176873	0.000624	-0.00319315
0.000626	-0.000294312	0.000626	-0.019942	0.000626	-0.00319315
0.000628	-0.00126059	0.000628	-0.0225187	0.000628	-0.00190477
0.00063	-0.000294312	0.00063	-0.0231629	0.00063	-0.00190477
0.000632	0.000994059	0.000632	-0.0241292	0.000632	-0.00126059
0.000634	-0.000938497	0.000634	-0.0221966	0.000634	-0.00126059
0.000636	-0.00158268	0.000636	-0.0215524	0.000636	-0.000616404
0.000638	0.000671966	0.000638	-0.0192978	0.000638	2.78E-05
0.00064	0.000349874	0.00064	-0.0160769	0.00064	0.000349874
0.000642	-0.00158268	0.000642	-0.0125338	0.000642	0.000671966
0.000644	-0.00158268	0.000644	-0.00834663	0.000644	0.000994059
0.000646	0.000349874	0.000646	-0.00415942	0.000646	0.00131615
0.000648	-0.000616404	0.000648	-0.000294312	0.000648	0.00131615
0.00065	-0.00126059	0.00065	0.00389289	0.00065	0.000671966
0.000652	0.000349874	0.000652	0.00743591	0.000652	0.000349874
0.000654	0.00131615	0.000654	0.0100127	0.000654	0.00131615
0.000656	-0.000616404	0.000656	0.0132336	0.000656	0.000349874
0.000658	-0.00126059	0.000658	0.0151661	0.000658	0.000349874
0.00066	0.000994059	0.00066	0.0158103	0.00066	2.78E-05
0.000662	-0.000294312	0.000662	0.0167766	0.000662	-0.000294312
0.000664	-0.00158268	0.000664	0.0170987	0.000664	-0.000294312
0.000666	-0.000294312	0.000666	0.0158103	0.000666	-0.000938497
0.000668	0.000349874	0.000668	0.0141999	0.000668	-0.00158268
0.00067	0.000349874	0.00067	0.0119452	0.00067	-0.00158268
0.000672	-0.00190477	0.000672	0.00969056	0.000672	-0.00222687
0.000674	2.78E-05	0.000674	0.00646963	0.000674	-0.00222687
0.000676	0.000349874	0.000676	0.00324871	0.000676	-0.00287105
0.000678	-0.00126059	0.000678	0.000349874	0.000678	-0.00190477
0.00068	-0.000294312	0.00068	-0.00287105	0.00068	-0.00190477
0.000682	0.000671966	0.000682	-0.00673617	0.000682	-0.00254896
0.000684	0.000349874	0.000684	-0.00866872	0.000684	-0.00190477
0.000686	-0.00190477	0.000686	-0.0118896	0.000686	-0.00158268
0.000688	2.78E-05	0.000688	-0.0125338	0.000688	-0.00222687
0.00069	0.000994059	0.00069	-0.0147885	0.00069	-0.00190477
0.000692	-0.000938497	0.000692	-0.0147885	0.000692	-0.00126059
0.000694	-0.00126059	0.000694	-0.0154327	0.000694	-0.000938497
0.000696	0.000671966	0.000696	-0.0154327	0.000696	-0.000294312
0.000698	0.000994059	0.000698	-0.0144664	0.000698	-0.000616404
0.0007	-0.00126059	0.0007	-0.0128559	0.0007	2.78E-05
0.000702	-0.000616404	0.000702	-0.0102792	0.000702	2.78E-05
0.000704	0.000994059	0.000704	-0.00899081	0.000704	0.000349874
0.000706	-0.000616404	0.000706	-0.00576989	0.000706	0.000994059
0.000708	-0.000616404	0.000708	-0.00319315	0.000708	0.000671966
0.00071	-0.000294312	0.00071	-0.000938497	0.00071	0.00131615
0.000712	0.00131615	0.000712	0.00131615	0.000712	0.000671966
0.000714	-0.000938497	0.000714	0.00453708	0.000714	-0.000294312
0.000716	-0.00190477	0.000716	0.00614754	0.000716	2.78E-05
0.000718	0.000671966	0.000718	0.0080801	0.000718	0.000349874
0.00072	0.000671966	0.00072	0.00872428	0.00072	2.78E-05
0.000722	-0.00126059	0.000722	0.0100127	0.000722	-0.000616404
0.000724	-0.000938497	0.000724	0.0106568	0.000724	-0.000938497
0.000726	0.000994059	0.000726	0.00904638	0.000726	-0.000616404
0.000728	-0.000616404	0.000728	0.00969056	0.000728	-0.000938497
0.00073	-0.00126059	0.00073	0.00840219	0.00073	-0.000938497
0.000732	0.000349874	0.000732	0.00711382	0.000732	-0.00126059
0.000734	0.000671966	0.000734	0.00550336	0.000734	-0.00158268
0.000736	-0.00126059	0.000736	0.00292662	0.000736	-0.00158268
0.000738	-0.00158268	0.000738	0.00163824	0.000738	-0.00190477
0.00074	0.000671966	0.00074	-0.000616404	0.00074	-0.00126059
0.000742	2.78E-05	0.000742	-0.00158268	0.000742	-0.00222687
0.000744	-0.00190477	0.000744	-0.00415942	0.000744	-0.00126059
0.000746	-0.000294312	0.000746	-0.00544779	0.000746	-0.00158268
0.000748	0.000349874	0.000748	-0.00802454	0.000748	-0.00158268
0.00075	-0.000938497	0.00075	-0.00866872	0.00075	-0.00190477
0.000752	-0.00126059	0.000752	-0.00899081	0.000752	-0.00158268
0.000754	2.78E-05	0.000754	-0.009635	0.000754	-0.000938497
0.000756	0.000994059	0.000756	-0.0102792	0.000756	-0.000616404
0.000758	-0.000938497	0.000758	-0.009635	0.000758	-0.000616404
0.00076	-0.000616404	0.00076	-0.00931291	0.00076	-0.000294312
0.000762	0.000671966	0.000762	-0.00802454	0.000762	-0.000294312
0.000764	-0.000294312	0.000764	-0.00641407	0.000764	-0.000294312
0.000766	-0.00158268	0.000766	-0.00544779	0.000766	-0.000294312
0.000768	-0.000616404	0.000768	-0.00383733	0.000768	2.78E-05
0.00077	0.00163824	0.00077	-0.00254896	0.00077	2.78E-05
0.000772	-0.000938497	0.000772	-0.000616404	0.000772	0.000671966
0.000774	-0.000938497	0.000774	0.000671966	0.000774	2.78E-05
0.000776	0.000671966	0.000776	0.00163824	0.000776	0.000349874
0.000778	2.78E-05	0.000778	0.0035708	0.000778	-0.000616404
0.00078	-0.000616404	0.00078	0.00421499	0.00078	-0.000938497
0.000782	-0.000616404	0.000782	0.00485917	0.000782	-0.000938497
0.000784	0.000671966	0.000784	0.00550336	0.000784	-0.00126059
0.000786	-0.000616404	0.000786	0.00679173	0.000786	-0.000938497
0.000788	-0.000938497	0.000788	0.00582545	0.000788	-0.000938497
0.00079	0.000671966	0.00079	0.00614754	0.00079	-0.00126059
0.000792	0.000671966	0.000792	0.00421499	0.000792	-0.000938497
0.000794	-0.000294312	0.000794	0.00421499	0.000794	-0.00190477
0.000796	-0.00158268	0.000796	0.00260452	0.000796	-0.00190477
0.000798	0.00131615	0.000798	0.00131615	0.000798	-0.00126059
0.0008	0.000349874	0.0008	0.000994059	0.0008	-0.00190477
0.000802	-0.00158268	0.000802	2.78E-05	0.000802	-0.000938497
0.000804	2.78E-05	0.000804	-0.00158268	0.000804	-0.000938497
0.000806	0.000994059	0.000806	-0.00319315	0.000806	-0.00126059
0.000808	-0.000294312	0.000808	-0.00351524	0.000808	-0.000938497
0.00081	-0.00190477	0.00081	-0.0051257	0.00081	-0.00126059
0.000812	0.000349874	0.000812	-0.00576989	0.000812	-0.000938497
0.000814	-0.000294312	0.000814	-0.00641407	0.000814	-0.000938497
0.000816	-0.00126059	0.000816	-0.00641407	0.000816	-0.000938497
0.000818	-0.000616404	0.000818	-0.00641407	0.000818	-0.000616404
0.00082	0.00131615	0.00082	-0.00673617	0.00082	-0.000294312
0.000822	0.000349874	0.000822	-0.00641407	0.000822	-0.000616404
0.000824	-0.00158268	0.000824	-0.0051257	0.000824	2.78E-05
0.000826	-0.000294312	0.000826	-0.00448152	0.000826	-0.000294312
0.000828	0.000994059	0.000828	-0.00415942	0.000828	2.78E-05
0.00083	-0.000294312	0.00083	-0.00319315	0.00083	0.000349874
0.000832	-0.000938497	0.000832	-0.00190477	0.000832	-0.000294312
0.000834	2.78E-05	0.000834	-0.00126059	0.000834	2.78E-05
0.000836	0.000671966	0.000836	-0.000616404	0.000836	2.78E-05
0.000838	-0.00126059	0.000838	0.000994059	0.000838	-0.000294312
0.00084	2.78E-05	0.00084	0.00196034	0.00084	-0.000616404
0.000842	0.000994059	0.000842	0.00228243	0.000842	-0.000938497
0.000844	-0.000294312	0.000844	0.00324871	0.000844	-0.000938497
0.000846	-0.00158268	0.000846	0.0035708	0.000846	-0.000938497
0.000848	2.78E-05	0.000848	0.0035708	0.000848	-0.00126059
0.00085	0.00131615	0.00085	0.00292662	0.00085	-0.000938497
0.000852	-0.000938497	0.000852	0.00324871	0.000852	-0.000938497
0.000854	-0.00126059	0.000854	0.00324871	0.000854	-0.00126059
0.000856	0.000671966	0.000856	0.00196034	0.000856	-0.00126059
0.000858	-0.000294312	0.000858	0.00163824	0.000858	-0.000938497
0.00086	-0.000938497	0.00086	0.000671966	0.00086	-0.000938497
0.000862	-0.000938497	0.000862	2.78E-05	0.000862	-0.000294312
0.000864	0.00163824	0.000864	-0.000938497	0.000864	-0.000294312
0.000866	-0.000616404	0.000866	-0.000938497	0.000866	-0.000616404
0.000868	-0.00126059	0.000868	-0.00158268	0.000868	-0.00126059
0.00087	0.000994059	0.00087	-0.00319315	0.00087	-0.000616404
0.000872	0.000994059	0.000872	-0.00448152	0.000872	-0.000616404
0.000874	-0.00126059	0.000874	-0.00415942	0.000874	-0.000938497
0.000876	-0.000616404	0.000876	-0.00415942	0.000876	-0.000938497
0.000878	0.00131615	0.000878	-0.00480361	0.000878	-0.000294312
0.00088	0.000994059	0.00088	-0.00448152	0.00088	-0.000294312
0.000882	-0.00158268	0.000882	-0.00448152	0.000882	-0.000938497
0.000884	-0.000294312	0.000884	-0.00383733	0.000884	-0.000938497
0.000886	0.000671966	0.000886	-0.00415942	0.000886	-0.000294312
0.000888	-0.000938497	0.000888	-0.00351524	0.000888	-0.000294312
0.00089	-0.000616404	0.00089	-0.00319315	0.00089	-0.000294312
0.000892	-0.000294312	0.000892	-0.00222687	0.000892	-0.000616404
0.000894	0.000671966	0.000894	-0.00254896	0.000894	-0.000294312
0.000896	-0.00158268	0.000896	-0.000616404	0.000896	2.78E-05
0.000898	-0.000938497	0.000898	-0.000294312	0.000898	-0.000616404
0.0009	0.00163824	0.0009	-0.000938497	0.0009	2.78E-05
0.000902	2.78E-05	0.000902	0.00131615	0.000902	-0.000616404
0.000904	-0.00126059	0.000904	0.000671966	0.000904	-0.000938497
0.000906	-0.000616404	0.000906	0.00163824	0.000906	-0.000938497
0.000908	0.000994059	0.000908	0.00131615	0.000908	-0.000616404
0.00091	-0.000616404	0.00091	0.00196034	0.00091	-0.00126059
0.000912	-0.000938497	0.000912	0.00196034	0.000912	-0.00126059
0.000914	0.000349874	0.000914	0.00163824	0.000914	-0.00126059
0.000916	2.78E-05	0.000916	0.00163824	0.000916	-0.00126059
0.000918	-0.000938497	0.000918	0.000994059	0.000918	-0.000616404
0.00092	-0.000616404	0.00092	0.000349874	0.00092	-0.000938497
0.000922	0.000349874	0.000922	0.000349874	0.000922	-0.000938497
0.000924	-0.000616404	0.000924	-0.000294312	0.000924	-0.000616404
0.000926	-0.00158268	0.000926	-0.000938497	0.000926	-0.000616404
0.000928	0.000994059	0.000928	-0.00158268	0.000928	-0.000294312
0.00093	0.000671966	0.00093	-0.00190477	0.00093	-0.00126059
0.000932	-0.000294312	0.000932	-0.00190477	0.000932	-0.000616404
0.000934	-0.00190477	0.000934	-0.00287105	0.000934	-0.000616404
0.000936	0.000671966	0.000936	-0.00287105	0.000936	-0.000294312
0.000938	-0.000294312	0.000938	-0.00287105	0.000938	-0.000938497
0.00094	-0.000938497	0.00094	-0.00319315	0.00094	-0.000294312
0.000942	-0.000616404	0.000942	-0.00319315	0.000942	2.78E-05
0.000944	2.78E-05	0.000944	-0.00287105	0.000944	-0.000938497
0.000946	-0.000294312	0.000946	-0.00319315	0.000946	-0.000938497
0.000948	-0.00158268	0.000948	-0.00287105	0.000948	2.78E-05
0.00095	0.000671966	0.00095	-0.00319315	0.00095	0.000349874
0.000952	2.78E-05	0.000952	-0.00222687	0.000952	2.78E-05
0.000954	-0.00158268	0.000954	-0.00158268	0.000954	-0.000616404
0.000956	-0.000616404	0.000956	-0.00126059	0.000956	2.78E-05
0.000958	0.000671966	0.000958	-0.00126059	0.000958	-0.000616404
0.00096	0.00131615	0.00096	-0.000938497	0.00096	-0.000294312
0.000962	-0.00190477	0.000962	0.000349874	0.000962	-0.000294312
0.000964	0.000349874	0.000964	0.000671966	0.000964	-0.000294312
0.000966	0.000671966	0.000966	0.000671966	0.000966	-0.000616404
0.000968	-0.00158268	0.000968	2.78E-05	0.000968	-0.000616404
0.00097	-0.000616404	0.00097	0.000994059	0.00097	-0.00190477
0.000972	-0.000294312	0.000972	0.000994059	0.000972	-0.000938497
0.000974	0.000671966	0.000974	0.000349874	0.000974	2.78E-05
0.000976	-0.00126059	0.000976	0.000994059	0.000976	-0.000938497
0.000978	-0.000938497	0.000978	0.000671966	0.000978	-0.00158268
0.00098	0.00163824	0.00098	-0.000616404	0.00098	2.78E-05
0.000982	-0.000616404	0.000982	0.000349874	0.000982	-0.000616404
0.000984	-0.00126059	0.000984	-0.000616404	0.000984	-0.000616404
0.000986	-0.000294312	0.000986	2.78E-05	0.000986	-0.000938497
0.000988	0.000994059	0.000988	-0.00126059	0.000988	-0.000616404
0.00099	-0.000616404	0.00099	-0.00158268	0.00099	-0.000938497
0.000992	-0.000616404	0.000992	-0.00158268	0.000992	-0.000616404
0.000994	0.000349874	0.000994	-0.00158268	0.000994	-0.000938497
0.000996	2.78E-05	0.000996	-0.00222687	0.000996	-0.000616404
0.000998	-0.00190477	0.000998	-0.00158268	0.000998	-0.000294312
