TimeV_L	AmplitudeV_L	TimeV_C	AmplitudeV_C	TimeV_R	AmplitudeV_R								
0	4.54579	0	0.358517	0	0.0866707
2.00E-06	4.65659	2.00E-06	0.569488	2.00E-06	0.170093
4.00E-06	4.2443	4.00E-06	0.901889	4.00E-06	0.248361
6.00E-06	3.71863	6.00E-06	1.34284	6.00E-06	0.324697
8.00E-06	3.10632	8.00E-06	1.85851	8.00E-06	0.392015
1.00E-05	-2.11773	1.00E-05	2.11329	1.00E-05	0.375266
1.20E-05	-2.94775	1.20E-05	2.50915	1.20E-05	0.349821
1.40E-05	-3.29368	1.40E-05	2.84284	1.40E-05	0.316001
1.60E-05	-3.5214	1.60E-05	3.06927	1.60E-05	0.27896
1.80E-05	-3.63059	1.80E-05	3.18555	1.80E-05	0.223882
2.00E-05	-3.62769	2.00E-05	3.21905	2.00E-05	0.168482
2.20E-05	-3.51431	2.20E-05	3.12886	2.20E-05	0.113727
2.40E-05	-3.29368	2.40E-05	2.953	2.40E-05	0.0583266
2.60E-05	-2.98125	2.60E-05	2.69693	2.60E-05	-0.000616404
2.80E-05	-2.59635	2.80E-05	2.37548	2.80E-05	-0.0531175
3.00E-05	-2.14961	3.00E-05	1.98767	3.00E-05	-0.108195
3.20E-05	-1.65488	3.20E-05	1.56766	3.20E-05	-0.149745
3.40E-05	-1.12987	3.40E-05	1.10835	3.40E-05	-0.186786
3.60E-05	-0.5923	3.60E-05	0.62972	3.60E-05	-0.220284
3.80E-05	-0.051507	3.80E-05	0.149157	3.80E-05	-0.245407
4.00E-05	0.474149	4.00E-05	-0.321421	4.00E-05	-0.260867
4.20E-05	0.963087	4.20E-05	-0.762042	4.20E-05	-0.266665
4.40E-05	1.3992	4.40E-05	-1.15854	4.40E-05	-0.263444
4.60E-05	1.77573	4.60E-05	-1.49673	4.60E-05	-0.254747
4.80E-05	2.07882	4.80E-05	-1.77856	4.80E-05	-0.235744
5.00E-05	2.30172	5.00E-05	-1.98631	5.00E-05	-0.21513
5.20E-05	2.44601	5.20E-05	-2.13705	5.20E-05	-0.183887
5.40E-05	2.51108	5.40E-05	-2.20469	5.40E-05	-0.146846
5.60E-05	2.49594	5.60E-05	-2.215	5.60E-05	-0.111738
5.80E-05	2.39963	5.80E-05	-2.14349	5.80E-05	-0.0705105
6.00E-05	2.23408	6.00E-05	-2.00789	6.00E-05	-0.030571
6.20E-05	2.00539	6.20E-05	-1.8185	6.20E-05	0.00679173
6.40E-05	1.72291	6.40E-05	-1.58112	6.40E-05	0.0438324
6.60E-05	1.3992	6.60E-05	-1.30541	6.60E-05	0.0818393
6.80E-05	1.04683	6.80E-05	-1.00297	6.80E-05	0.111472
7.00E-05	0.677068	7.00E-05	-0.674433	7.00E-05	0.138206
7.20E-05	0.295065	7.20E-05	-0.337203	7.20E-05	0.157531
7.40E-05	-0.0808175	7.40E-05	-0.00190477	7.40E-05	0.173958
7.60E-05	-0.438984	7.60E-05	0.322443	7.60E-05	0.182976
7.80E-05	-0.771383	7.80E-05	0.623278	7.80E-05	0.185553
8.00E-05	-1.06642	8.00E-05	0.893515	8.00E-05	0.182654
8.20E-05	-1.31314	8.20E-05	1.11801	8.20E-05	0.173314
8.40E-05	-1.50575	8.40E-05	1.29452	8.40E-05	0.157853
8.60E-05	-1.64522	8.60E-05	1.42755	8.60E-05	0.141104
8.80E-05	-1.72574	8.80E-05	1.51161	8.80E-05	0.114371
9.00E-05	-1.74378	9.00E-05	1.53738	9.00E-05	0.0895696
9.20E-05	-1.70706	9.20E-05	1.52031	9.20E-05	0.0641242
9.40E-05	-1.61365	9.40E-05	1.45074	9.40E-05	0.0328812
9.60E-05	-1.47129	9.60E-05	1.32866	9.60E-05	0.000994059
9.80E-05	-1.28222	9.80E-05	1.17213	9.80E-05	-0.0263838
1.00E-04	-1.06191	1.00E-04	0.984667	1.00E-04	-0.0502187
0.000102	-0.81712	0.000102	0.770153	0.000102	-0.0753419
0.000104	-0.552361	0.000104	0.5405	0.000104	-0.0940233
0.000106	-0.279871	0.000106	0.300863	0.000106	-0.109806
0.000108	-0.00995709	0.000108	0.059937	0.000108	-0.123334
0.00011	0.250294	0.00011	-0.175513	0.00011	-0.130742
0.000112	0.496051	0.000112	-0.395824	0.000112	-0.133963
0.000114	0.713786	0.000114	-0.593588	0.000114	-0.131708
0.000116	0.897702	0.000116	-0.764941	0.000116	-0.126555
0.000118	1.04587	0.000118	-0.902475	0.000118	-0.114959
0.00012	1.15473	0.00012	-1.00039	0.00012	-0.102076
0.000122	1.21786	0.000122	-1.07544	0.000122	-0.0856489
0.000124	1.23558	0.000124	-1.09509	0.000124	-0.0672896
0.000126	1.21496	0.000126	-1.08478	0.000126	-0.0473198
0.000128	1.15055	0.000128	-1.03292	0.000128	-0.0244513
0.00013	1.04683	0.00013	-0.952721	0.00013	-0.00287105
0.000132	0.910908	0.000132	-0.836768	0.000132	0.0177429
0.000134	0.75276	0.000134	-0.701489	0.000134	0.0361022
0.000136	0.573676	0.000136	-0.545597	0.000136	0.0534952
0.000138	0.379131	0.000138	-0.376176	0.000138	0.0683114
0.00014	0.182976	0.00014	-0.20128	0.00014	0.0795847
0.000142	-0.0128559	0.000142	-0.0254175	0.000142	0.0898917
0.000144	-0.203857	0.000144	0.144325	0.000144	0.0937568
0.000146	-0.380363	0.000146	0.303761	0.000146	0.0960114
0.000148	-0.534968	0.000148	0.44516	0.000148	0.0950451
0.00015	-0.665415	0.00015	0.5682	0.00015	0.0882812
0.000152	-0.771383	0.000152	0.664184	0.000152	0.0811951
0.000154	-0.843532	0.000154	0.733434	0.000154	0.0712103
0.000156	-0.882505	0.000156	0.776595	0.000156	0.0583266
0.000158	-0.890879	0.000158	0.789478	0.000158	0.042544
0.00016	-0.866722	0.00016	0.770475	0.00016	0.0283719
0.000162	-0.810678	0.000162	0.730213	0.000162	0.0103347
0.000164	-0.727579	0.000164	0.66354	0.000164	-0.0051257
0.000166	-0.623865	0.000166	0.573031	0.000166	-0.019942
0.000168	-0.50147	0.000168	0.467063	0.000168	-0.034114
0.00017	-0.36297	0.00017	0.348854	0.00017	-0.0463536
0.000172	-0.219961	0.000172	0.222594	0.000172	-0.0553722
0.000174	-0.0753419	0.000174	0.0924684	0.000174	-0.0634245
0.000176	0.0683114	0.000176	-0.0357245	0.000176	-0.0682559
0.000178	0.206811	0.000178	-0.158442	0.000178	-0.072121
0.00018	0.330817	0.00018	-0.271496	0.00018	-0.0714768
0.000182	0.436464	0.000182	-0.370379	0.000182	-0.0689
0.000184	0.526328	0.000184	-0.451546	0.000184	-0.0650349
0.000186	0.593001	0.000186	-0.51371	0.000186	-0.0573047
0.000188	0.632619	0.000188	-0.556226	0.000188	-0.0486082
0.00019	0.650334	0.00019	-0.577162	0.00019	-0.0383012
0.000192	0.644858	0.000192	-0.574263	0.000192	-0.0279943
0.000194	0.614903	0.000194	-0.552361	0.000194	-0.0147885
0.000196	0.559826	0.000196	-0.510811	0.000196	-0.00287105
0.000198	0.490898	0.000198	-0.451868	0.000198	0.00904638
0.0002	0.406187	0.0002	-0.378109	0.0002	0.0193533
0.000202	0.30666	0.000202	-0.291466	0.000202	0.0290161
0.000204	0.201336	0.000204	-0.200636	0.000204	0.0373905
0.000206	0.0934347	0.000206	-0.104974	0.000206	0.0431882
0.000208	-0.0135001	0.000208	-0.00770244	0.000208	0.0489859
0.00021	-0.118824	0.00021	0.0847382	0.00021	0.0512405
0.000212	-0.214486	0.000212	0.171059	0.000212	0.0518847
0.000214	-0.297908	0.000214	0.248683	0.000214	0.0505963
0.000216	-0.36909	0.000216	0.31278	0.000216	0.0480196
0.000218	-0.42449	0.000218	0.365925	0.000218	0.0428661
0.00022	-0.460242	0.00022	0.400389	0.00022	0.0364243
0.000222	-0.476991	0.000222	0.420681	0.000222	0.028694
0.000224	-0.478924	0.000224	0.423258	0.000224	0.0203196
0.000226	-0.460886	0.000226	0.40973	0.000226	0.011301
0.000228	-0.42449	0.000228	0.382996	0.000228	0.00228243
0.00023	-0.374244	0.00023	0.342413	0.00023	-0.00673617
0.000232	-0.313046	0.000232	0.287979	0.000232	-0.0144664
0.000234	-0.243152	0.000234	0.227425	0.000234	-0.0215524
0.000236	-0.163595	0.000236	0.159786	0.000236	-0.0279943
0.000238	-0.0830721	0.000238	0.0889254	0.000238	-0.0337919
0.00024	-0.00287105	0.00024	0.0161324	0.00024	-0.0379792
0.000242	0.0766858	0.000242	-0.0540838	0.000242	-0.0395896
0.000244	0.150445	0.000244	-0.119791	0.000244	-0.0402338
0.000246	0.21422	0.000246	-0.178412	0.000246	-0.0395896
0.000248	0.267365	0.000248	-0.228658	0.000248	-0.0370129
0.00025	0.312136	0.00025	-0.269564	0.00025	-0.0334699
0.000252	0.34048	0.000252	-0.297908	0.000252	-0.0296047
0.000254	0.35433	0.000254	-0.313368	0.000254	-0.0241292
0.000256	0.355296	0.000256	-0.317233	0.000256	-0.0176873
0.000258	0.344345	0.000258	-0.309503	0.000258	-0.0109234
0.00026	0.319222	0.00026	-0.288889	0.00026	-0.00351524
0.000262	0.281215	0.000262	-0.25829	0.000262	0.00292662
0.000264	0.237088	0.000264	-0.220284	0.000264	0.00872428
0.000266	0.183943	0.000266	-0.174224	0.000266	0.014522
0.000268	0.124356	0.000268	-0.12269	0.000268	0.0203196
0.00027	0.0641242	0.00027	-0.0698663	0.00027	0.0235405
0.000272	0.00389289	0.000272	-0.0157548	0.000272	0.0267615
0.000274	-0.054728	0.000274	0.0380347	0.000274	0.0283719
0.000276	-0.112383	0.000276	0.0873149	0.000276	0.0280498
0.000278	-0.159408	0.000278	0.131442	0.000278	0.0283719
0.00028	-0.198381	0.00028	0.169771	0.00028	0.0261173
0.000282	-0.232523	0.000282	0.199081	0.000282	0.0238626
0.000284	-0.254747	0.000284	0.220339	0.000284	0.0203196
0.000286	-0.265054	0.000286	0.232579	0.000286	0.0161324
0.000288	-0.264732	0.000288	0.235156	0.000288	0.0116231
0.00029	-0.257002	0.00029	0.229358	0.00029	0.00646963
0.000292	-0.237999	0.000292	0.213575	0.000292	0.00163824
0.000294	-0.208688	0.000294	0.190063	0.000294	-0.00448152
0.000296	-0.174224	0.000296	0.16043	0.000296	-0.00866872
0.000298	-0.135895	0.000298	0.126288	0.000298	-0.0128559
0.0003	-0.0908023	0.0003	0.0886033	0.0003	-0.0163989
0.000302	-0.0428105	0.000302	0.0476975	0.000302	-0.0192978
0.000304	0.000671966	0.000304	0.00646963	0.000304	-0.0221966
0.000306	0.0444766	0.000306	-0.0337919	0.000306	-0.0225187
0.000308	0.0873149	0.000308	-0.0708326	0.000308	-0.0228408
0.00031	0.124033	0.00031	-0.10433	0.00031	-0.0225187
0.000312	0.152378	0.000312	-0.131708	0.000312	-0.0209082
0.000314	0.175568	0.000314	-0.154255	0.000314	-0.0186536
0.000316	0.193283	0.000316	-0.168749	0.000316	-0.0160769
0.000318	0.200692	0.000318	-0.176479	0.000318	-0.0122117
0.00032	0.199081	0.00032	-0.178412	0.00032	-0.009635
0.000322	0.191995	0.000322	-0.172614	0.000322	-0.00544779
0.000324	0.177179	0.000324	-0.160374	0.000324	-0.00126059
0.000326	0.153666	0.000326	-0.142981	0.000326	0.00196034
0.000328	0.12661	0.000328	-0.120113	0.000328	0.00582545
0.00033	0.097944	0.00033	-0.0927349	0.00033	0.00872428
0.000332	0.06348	0.000332	-0.0637466	0.000332	0.0116231
0.000334	0.0274057	0.000334	-0.0325036	0.000334	0.0138778
0.000336	-0.00609198	0.000336	-0.00190477	0.000336	0.0151661
0.000338	-0.037335	0.000338	0.0274057	0.000338	0.0161324
0.00034	-0.0701884	0.00034	0.0551056	0.00034	0.0158103
0.000342	-0.0972442	0.000342	0.0802289	0.000342	0.0154882
0.000344	-0.118824	0.000344	0.100843	0.000344	0.0138778
0.000346	-0.134285	0.000346	0.116303	0.000346	0.0122673
0.000348	-0.147491	0.000348	0.126932	0.000348	0.0103347
0.00035	-0.151356	0.00035	0.13273	0.00035	0.0080801
0.000352	-0.148457	0.000352	0.132086	0.000352	0.00518126
0.000354	-0.142337	0.000354	0.126932	0.000354	0.00228243
0.000356	-0.130742	0.000356	0.116947	0.000356	-0.00126059
0.000358	-0.113671	0.000358	0.102453	0.000358	-0.00383733
0.00036	-0.0901582	0.00036	0.084094	0.00036	-0.00641407
0.000362	-0.068578	0.000362	0.063158	0.000362	-0.00899081
0.000364	-0.0431326	0.000364	0.0409336	0.000364	-0.0102792
0.000366	-0.0147885	0.000366	0.018065	0.000366	-0.0122117
0.000368	0.011301	0.000368	-0.00609198	0.000368	-0.0128559
0.00037	0.0351359	0.00037	-0.0286385	0.00037	-0.0138222
0.000372	0.0567161	0.000372	-0.0482861	0.000372	-0.013178
0.000374	0.0789405	0.000374	-0.0666454	0.000374	-0.0128559
0.000376	0.0934347	0.000376	-0.0814617	0.000376	-0.0118896
0.000378	0.104064	0.000378	-0.0924128	0.000378	-0.0102792
0.00038	0.11276	0.00038	-0.0994988	0.00038	-0.00899081
0.000382	0.115659	0.000382	-0.102076	0.000382	-0.00673617
0.000384	0.111794	0.000384	-0.101753	0.000384	-0.00448152
0.000386	0.104386	0.000386	-0.0969221	0.000386	-0.00254896
0.000388	0.0966556	0.000388	-0.0885477	0.000388	-0.000294312
0.00039	0.0818393	0.00039	-0.0759861	0.00039	0.00196034
0.000392	0.06348	0.000392	-0.0627803	0.000392	0.00421499
0.000394	0.046087	0.000394	-0.0457094	0.000394	0.00550336
0.000396	0.0280498	0.000396	-0.0286385	0.000396	0.00646963
0.000398	0.00743591	0.000398	-0.0109234	0.000398	0.00872428
0.0004	-0.0144664	0.0004	0.00679173	0.0004	0.00840219
0.000402	-0.0312152	0.000402	0.0238626	0.000402	0.00840219
0.000404	-0.0473198	0.000404	0.039001	0.000404	0.00840219
0.000406	-0.0627803	0.000406	0.0518847	0.000406	0.00840219
0.000408	-0.0743756	0.000408	0.0621917	0.000408	0.00743591
0.00041	-0.0798512	0.00041	0.0692777	0.00041	0.00582545
0.000412	-0.0843605	0.000412	0.0750754	0.000412	0.00421499
0.000414	-0.0882256	0.000414	0.0750754	0.000414	0.00292662
0.000416	-0.0846826	0.000416	0.0741091	0.000416	0.000994059
0.000418	-0.0772744	0.000418	0.0689556	0.000418	-0.000294312
0.00042	-0.0698663	0.00042	0.0618696	0.00042	-0.00222687
0.000422	-0.0592373	0.000422	0.0522068	0.000422	-0.00319315
0.000424	-0.0447431	0.000424	0.0418998	0.000424	-0.00480361
0.000426	-0.0286385	0.000426	0.0293382	0.000426	-0.00609198
0.000428	-0.0170431	0.000428	0.0154882	0.000428	-0.00673617
0.00043	-0.000938497	0.00043	0.00292662	0.00043	-0.00834663
0.000432	0.0151661	0.000432	-0.0118896	0.000432	-0.00738035
0.000434	0.0280498	0.000434	-0.0231629	0.000434	-0.00802454
0.000436	0.0386789	0.000436	-0.0354024	0.000436	-0.00770244
0.000438	0.0499522	0.000438	-0.0440989	0.000438	-0.00673617
0.00044	0.059937	0.00044	-0.0521512	0.00044	-0.00641407
0.000442	0.0628359	0.000442	-0.0563384	0.000442	-0.00544779
0.000444	0.0647684	0.000444	-0.0595594	0.000444	-0.00415942
0.000446	0.0660568	0.000446	-0.0598814	0.000446	-0.00319315
0.000448	0.063158	0.000448	-0.0576268	0.000448	-0.00158268
0.00045	0.0570382	0.00045	-0.0531175	0.00045	-0.000294312
0.000452	0.0496301	0.000452	-0.0476419	0.000452	0.000349874
0.000454	0.0431882	0.000454	-0.0399117	0.000454	0.00163824
0.000456	0.0315929	0.000456	-0.0312152	0.000456	0.00292662
0.000458	0.0187092	0.000458	-0.0212303	0.000458	0.00389289
0.00046	0.00904638	0.00046	-0.0109234	0.00046	0.00518126
0.000462	-0.00254896	0.000462	2.78E-05	0.000462	0.00485917
0.000464	-0.0154327	0.000464	0.0100127	0.000464	0.00421499
0.000466	-0.0250954	0.000466	0.0187092	0.000466	0.0035708
0.000468	-0.0325036	0.000468	0.0267615	0.000468	0.00453708
0.00047	-0.0392675	0.00047	0.0332033	0.00047	0.00389289
0.000472	-0.0469977	0.000472	0.0386789	0.000472	0.00324871
0.000474	-0.0489303	0.000474	0.0418998	0.000474	0.00228243
0.000476	-0.0492524	0.000476	0.0431882	0.000476	0.00196034
0.000478	-0.0505408	0.000478	0.0428661	0.000478	0.000671966
0.00048	-0.0476419	0.00048	0.0406115	0.00048	-0.000294312
0.000482	-0.0418443	0.000482	0.0370684	0.000482	-0.000938497
0.000484	-0.0350803	0.000484	0.0322371	0.000484	-0.00222687
0.000486	-0.0292827	0.000486	0.0257952	0.000486	-0.00319315
0.000488	-0.0209082	0.000488	0.0190312	0.000488	-0.00415942
0.00049	-0.0106013	0.00049	0.011301	0.00049	-0.00415942
0.000492	-0.00351524	0.000492	0.00389289	0.000492	-0.00480361
0.000494	0.00485917	0.000494	-0.00415942	0.000494	-0.00480361
0.000496	0.0132336	0.000496	-0.0115676	0.000496	-0.00480361
0.000498	0.0225743	0.000498	-0.0186536	0.000498	-0.00448152
0.0005	0.0270836	0.0005	-0.0247734	0.0005	-0.00480361
0.000502	0.0315929	0.000502	-0.0289606	0.000502	-0.00415942
0.000504	0.0361022	0.000504	-0.0328257	0.000504	-0.00383733
0.000506	0.0380347	0.000506	-0.0344361	0.000506	-0.00287105
0.000508	0.0377126	0.000508	-0.0357245	0.000508	-0.00254896
0.00051	0.0357801	0.00051	-0.0350803	0.00051	-0.00190477
0.000512	0.0357801	0.000512	-0.0325036	0.000512	-0.000938497
0.000514	0.0299824	0.000514	-0.0296047	0.000514	0.000349874
0.000516	0.0245068	0.000516	-0.0254175	0.000516	0.000349874
0.000518	0.0206417	0.000518	-0.0202641	0.000518	0.00163824
0.00052	0.0154882	0.00052	-0.0141443	0.00052	0.00196034
0.000522	0.00646963	0.000522	-0.00866872	0.000522	0.00228243
0.000524	-0.00190477	0.000524	-0.00254896	0.000524	0.00260452
0.000526	-0.0051257	0.000526	0.00389289	0.000526	0.00228243
0.000528	-0.0118896	0.000528	0.00969056	0.000528	0.00196034
0.00053	-0.0186536	0.00053	0.0138778	0.00053	0.00196034
0.000532	-0.0221966	0.000532	0.018065	0.000532	0.00163824
0.000534	-0.0244513	0.000534	0.0219301	0.000534	0.00163824
0.000536	-0.0283164	0.000536	0.0235405	0.000536	0.000994059
0.000538	-0.030571	0.000538	0.0245068	0.000538	0.000671966
0.00054	-0.0276722	0.00054	0.025151	0.00054	0.000349874
0.000542	-0.0263838	0.000542	0.0241847	0.000542	-0.00126059
0.000544	-0.0263838	0.000544	0.0219301	0.000544	-0.00126059
0.000546	-0.0228408	0.000546	0.0190312	0.000546	-0.00158268
0.000548	-0.0173652	0.000548	0.0161324	0.000548	-0.00222687
0.00055	-0.0122117	0.00055	0.0125894	0.00055	-0.00254896
0.000552	-0.0102792	0.000552	0.00743591	0.000552	-0.00319315
0.000554	-0.00287105	0.000554	0.00292662	0.000554	-0.00351524
0.000556	0.00292662	0.000556	-0.00158268	0.000556	-0.00222687
0.000558	0.00614754	0.000558	-0.00641407	0.000558	-0.00254896
0.00056	0.0109789	0.00056	-0.0106013	0.00056	-0.00287105
0.000562	0.0154882	0.000562	-0.0141443	0.000562	-0.00254896
0.000564	0.0196754	0.000564	-0.0170431	0.000564	-0.00222687
0.000566	0.0196754	0.000566	-0.0189757	0.000566	-0.00222687
0.000568	0.0209638	0.000568	-0.0209082	0.000568	-0.00158268
0.00057	0.0232185	0.00057	-0.0212303	0.00057	-0.00158268
0.000572	0.0212859	0.000572	-0.0209082	0.000572	-0.00158268
0.000574	0.0193533	0.000574	-0.019942	0.000574	-0.000938497
0.000576	0.0183871	0.000576	-0.0183315	0.000576	-0.000294312
0.000578	0.018065	0.000578	-0.0157548	0.000578	0.000349874
0.00058	0.0125894	0.00058	-0.0135001	0.00058	0.000349874
0.000582	0.00840219	0.000582	-0.00995709	0.000582	0.000671966
0.000584	0.00646963	0.000584	-0.00641407	0.000584	0.00163824
0.000586	0.00131615	0.000586	-0.00254896	0.000586	0.00131615
0.000588	-0.00383733	0.000588	0.000994059	0.000588	0.00131615
0.00059	-0.00609198	0.00059	0.00453708	0.00059	0.000671966
0.000592	-0.00802454	0.000592	0.00743591	0.000592	0.000994059
0.000594	-0.0128559	0.000594	0.00969056	0.000594	0.000994059
0.000596	-0.0160769	0.000596	0.0119452	0.000596	0.000994059
0.000598	-0.0154327	0.000598	0.0129115	0.000598	-0.000294312
0.0006	-0.0160769	0.0006	0.014522	0.0006	-0.000294312
0.000602	-0.0183315	0.000602	0.0141999	0.000602	-0.000616404
0.000604	-0.0170431	0.000604	0.0135557	0.000604	-0.000294312
0.000606	-0.0138222	0.000606	0.0129115	0.000606	-0.00126059
0.000608	-0.0125338	0.000608	0.0116231	0.000608	-0.000938497
0.00061	-0.0118896	0.00061	0.00969056	0.00061	-0.00222687
0.000612	-0.00834663	0.000612	0.00679173	0.000612	-0.00190477
0.000614	-0.00448152	0.000614	0.00518126	0.000614	-0.00254896
0.000616	-0.00254896	0.000616	0.00196034	0.000616	-0.00254896
0.000618	-0.000616404	0.000618	-0.000294312	0.000618	-0.00158268
0.00062	0.00389289	0.00062	-0.00415942	0.00062	-0.00158268
0.000622	0.00743591	0.000622	-0.00576989	0.000622	-0.00190477
0.000624	0.00711382	0.000624	-0.00802454	0.000624	-0.00190477
0.000626	0.00969056	0.000626	-0.009635	0.000626	-0.00158268
0.000628	0.0125894	0.000628	-0.0115676	0.000628	-0.00158268
0.00063	0.0125894	0.00063	-0.0128559	0.00063	-0.00190477
0.000632	0.0122673	0.000632	-0.013178	0.000632	-0.00126059
0.000634	0.0125894	0.000634	-0.0128559	0.000634	-0.00158268
0.000636	0.0138778	0.000636	-0.0128559	0.000636	-0.000616404
0.000638	0.0103347	0.000638	-0.0122117	0.000638	-0.000294312
0.00064	0.00936847	0.00064	-0.0106013	0.00064	0.000349874
0.000642	0.0080801	0.000642	-0.00899081	0.000642	0.000349874
0.000644	0.00646963	0.000644	-0.00641407	0.000644	2.78E-05
0.000646	0.00292662	0.000646	-0.00480361	0.000646	0.000349874
0.000648	0.000349874	0.000648	-0.00222687	0.000648	0.000671966
0.00065	0.000349874	0.00065	0.000349874	0.00065	2.78E-05
0.000652	-0.00351524	0.000652	0.00163824	0.000652	0.000349874
0.000654	-0.00609198	0.000654	0.00324871	0.000654	0.000349874
0.000656	-0.00609198	0.000656	0.00550336	0.000656	-0.000294312
0.000658	-0.00738035	0.000658	0.00614754	0.000658	-0.000294312
0.00066	-0.00899081	0.00066	0.00743591	0.00066	2.78E-05
0.000662	-0.0102792	0.000662	0.00775801	0.000662	-0.000294312
0.000664	-0.00834663	0.000664	0.0080801	0.000664	-0.000616404
0.000666	-0.00931291	0.000666	0.00775801	0.000666	-0.000938497
0.000668	-0.0106013	0.000668	0.00711382	0.000668	-0.00126059
0.00067	-0.00770244	0.00067	0.00646963	0.00067	-0.00158268
0.000672	-0.00544779	0.000672	0.00582545	0.000672	-0.00126059
0.000674	-0.00576989	0.000674	0.00421499	0.000674	-0.00126059
0.000676	-0.0051257	0.000676	0.00292662	0.000676	-0.00126059
0.000678	-0.000616404	0.000678	0.000994059	0.000678	-0.00222687
0.00068	0.00131615	0.00068	-0.000616404	0.00068	-0.000938497
0.000682	0.000994059	0.000682	-0.00222687	0.000682	-0.000938497
0.000684	0.00292662	0.000684	-0.00351524	0.000684	-0.00126059
0.000686	0.00582545	0.000686	-0.00544779	0.000686	-0.00126059
0.000688	0.00679173	0.000688	-0.00673617	0.000688	-0.00126059
0.00069	0.00518126	0.00069	-0.00770244	0.00069	-0.000938497
0.000692	0.0080801	0.000692	-0.00738035	0.000692	-0.000616404
0.000694	0.00904638	0.000694	-0.00834663	0.000694	-0.000616404
0.000696	0.00614754	0.000696	-0.00802454	0.000696	-0.00126059
0.000698	0.00646963	0.000698	-0.00834663	0.000698	-0.000294312
0.0007	0.00743591	0.0007	-0.00770244	0.0007	-0.000294312
0.000702	0.00711382	0.000702	-0.00673617	0.000702	-0.000294312
0.000704	0.00389289	0.000704	-0.00609198	0.000704	2.78E-05
0.000706	0.0035708	0.000706	-0.00480361	0.000706	2.78E-05
0.000708	0.0035708	0.000708	-0.00415942	0.000708	2.78E-05
0.00071	0.00163824	0.00071	-0.00254896	0.00071	0.000349874
0.000712	-0.00126059	0.000712	-0.00126059	0.000712	2.78E-05
0.000714	-0.00190477	0.000714	2.78E-05	0.000714	0.000349874
0.000716	-0.00126059	0.000716	0.000671966	0.000716	-0.000294312
0.000718	-0.00415942	0.000718	0.00228243	0.000718	-0.000294312
0.00072	-0.0051257	0.00072	0.00324871	0.00072	2.78E-05
0.000722	-0.00415942	0.000722	0.0035708	0.000722	-0.000294312
0.000724	-0.0051257	0.000724	0.00421499	0.000724	-0.000616404
0.000726	-0.00673617	0.000726	0.00421499	0.000726	-0.000938497
0.000728	-0.00609198	0.000728	0.00453708	0.000728	-0.000938497
0.00073	-0.00319315	0.00073	0.00389289	0.00073	-0.000938497
0.000732	-0.0051257	0.000732	0.0035708	0.000732	-0.00190477
0.000734	-0.00480361	0.000734	0.00260452	0.000734	-0.00126059
0.000736	-0.00287105	0.000736	0.00228243	0.000736	-0.00190477
0.000738	-0.00158268	0.000738	0.000994059	0.000738	-0.00126059
0.00074	-0.00222687	0.00074	0.000671966	0.00074	-0.00158268
0.000742	-0.000938497	0.000742	-0.000294312	0.000742	-0.00126059
0.000744	0.00163824	0.000744	-0.00158268	0.000744	-0.000616404
0.000746	0.00196034	0.000746	-0.00254896	0.000746	-0.000616404
0.000748	0.00163824	0.000748	-0.00383733	0.000748	-0.000616404
0.00075	0.0035708	0.00075	-0.00448152	0.00075	-0.000938497
0.000752	0.00518126	0.000752	-0.00448152	0.000752	-0.000616404
0.000754	0.0035708	0.000754	-0.00544779	0.000754	-0.00126059
0.000756	0.0035708	0.000756	-0.00544779	0.000756	-0.000294312
0.000758	0.00518126	0.000758	-0.0051257	0.000758	-0.000294312
0.00076	0.00582545	0.00076	-0.0051257	0.00076	-0.000616404
0.000762	0.00292662	0.000762	-0.0051257	0.000762	-0.000294312
0.000764	0.00292662	0.000764	-0.00448152	0.000764	2.78E-05
0.000766	0.00421499	0.000766	-0.00415942	0.000766	-0.000616404
0.000768	0.00228243	0.000768	-0.00351524	0.000768	-0.000294312
0.00077	0.000994059	0.00077	-0.00287105	0.00077	2.78E-05
0.000772	0.000671966	0.000772	-0.00190477	0.000772	-0.000294312
0.000774	0.000671966	0.000774	-0.00126059	0.000774	2.78E-05
0.000776	-0.00126059	0.000776	-0.000294312	0.000776	0.000349874
0.000778	-0.00158268	0.000778	2.78E-05	0.000778	-0.000294312
0.00078	-0.000938497	0.00078	0.000994059	0.00078	-0.000616404
0.000782	-0.00158268	0.000782	0.00131615	0.000782	-0.000938497
0.000784	-0.00351524	0.000784	0.00163824	0.000784	-0.000294312
0.000786	-0.00415942	0.000786	0.00196034	0.000786	-0.000616404
0.000788	-0.00190477	0.000788	0.00228243	0.000788	-0.00126059
0.00079	-0.00319315	0.00079	0.00260452	0.00079	-0.00126059
0.000792	-0.00448152	0.000792	0.00196034	0.000792	-0.00126059
0.000794	-0.00222687	0.000794	0.00196034	0.000794	-0.00126059
0.000796	-0.00158268	0.000796	0.00163824	0.000796	-0.00126059
0.000798	-0.00254896	0.000798	0.00131615	0.000798	-0.000938497
0.0008	-0.00287105	0.0008	2.78E-05	0.0008	-0.000616404
0.000802	2.78E-05	0.000802	0.000671966	0.000802	-0.000938497
0.000804	-0.000616404	0.000804	-0.000616404	0.000804	-0.000294312
0.000806	-0.000616404	0.000806	-0.000938497	0.000806	-0.000616404
0.000808	0.00131615	0.000808	-0.00222687	0.000808	-0.000294312
0.00081	0.00292662	0.00081	-0.00222687	0.00081	-0.000616404
0.000812	0.00196034	0.000812	-0.00287105	0.000812	-0.000616404
0.000814	0.000994059	0.000814	-0.00319315	0.000814	-0.000294312
0.000816	0.00324871	0.000816	-0.00351524	0.000816	-0.000616404
0.000818	0.00324871	0.000818	-0.00383733	0.000818	-0.000294312
0.00082	0.00163824	0.00082	-0.00415942	0.00082	-0.000294312
0.000822	0.00292662	0.000822	-0.00415942	0.000822	-0.000938497
0.000824	0.00389289	0.000824	-0.00415942	0.000824	-0.000294312
0.000826	0.00292662	0.000826	-0.00351524	0.000826	-0.000938497
0.000828	0.000349874	0.000828	-0.00319315	0.000828	-0.000294312
0.00083	0.00228243	0.00083	-0.00254896	0.00083	-0.000294312
0.000832	0.00228243	0.000832	-0.00190477	0.000832	2.78E-05
0.000834	2.78E-05	0.000834	-0.00158268	0.000834	-0.000294312
0.000836	-0.000616404	0.000836	-0.000938497	0.000836	-0.000616404
0.000838	0.000994059	0.000838	-0.000938497	0.000838	0.000349874
0.00084	0.000994059	0.00084	-0.000616404	0.00084	2.78E-05
0.000842	-0.00254896	0.000842	2.78E-05	0.000842	-0.000294312
0.000844	-0.00158268	0.000844	0.000349874	0.000844	2.78E-05
0.000846	-0.000294312	0.000846	0.000671966	0.000846	-0.000938497
0.000848	-0.00190477	0.000848	0.000671966	0.000848	-0.000616404
0.00085	-0.00254896	0.00085	0.000994059	0.00085	-0.00126059
0.000852	-0.00158268	0.000852	0.00131615	0.000852	-0.000616404
0.000854	-0.000294312	0.000854	0.000994059	0.000854	-0.000938497
0.000856	-0.00254896	0.000856	0.000994059	0.000856	-0.000938497
0.000858	-0.00254896	0.000858	0.000349874	0.000858	-0.000294312
0.00086	0.000349874	0.00086	0.000349874	0.00086	-0.000294312
0.000862	-0.000294312	0.000862	0.000349874	0.000862	-0.000616404
0.000864	-0.00190477	0.000864	-0.000294312	0.000864	-0.000938497
0.000866	-0.000294312	0.000866	-0.000616404	0.000866	-0.000294312
0.000868	0.00228243	0.000868	-0.00126059	0.000868	-0.000616404
0.00087	0.000671966	0.00087	-0.00126059	0.00087	-0.000938497
0.000872	2.78E-05	0.000872	-0.00126059	0.000872	-0.000294312
0.000874	0.00196034	0.000874	-0.00222687	0.000874	-0.000616404
0.000876	0.00228243	0.000876	-0.00190477	0.000876	-0.000616404
0.000878	0.000671966	0.000878	-0.00319315	0.000878	-0.000294312
0.00088	0.00131615	0.00088	-0.00287105	0.00088	-0.000294312
0.000882	0.00324871	0.000882	-0.00254896	0.000882	2.78E-05
0.000884	0.00196034	0.000884	-0.00319315	0.000884	-0.000616404
0.000886	0.000349874	0.000886	-0.00222687	0.000886	-0.000294312
0.000888	0.00228243	0.000888	-0.00222687	0.000888	-0.000938497
0.00089	0.00260452	0.00089	-0.00254896	0.00089	-0.000294312
0.000892	-0.000294312	0.000892	-0.00158268	0.000892	-0.000616404
0.000894	2.78E-05	0.000894	-0.00158268	0.000894	-0.000616404
0.000896	0.00131615	0.000896	-0.00190477	0.000896	0.000349874
0.000898	0.000994059	0.000898	-0.00222687	0.000898	0.000349874
0.0009	-0.000938497	0.0009	-0.00126059	0.0009	-0.000616404
0.000902	2.78E-05	0.000902	-0.000616404	0.000902	-0.000938497
0.000904	0.000671966	0.000904	2.78E-05	0.000904	2.78E-05
0.000906	-0.00158268	0.000906	-0.000616404	0.000906	-0.000616404
0.000908	-0.00190477	0.000908	2.78E-05	0.000908	0.000349874
0.00091	-0.000938497	0.00091	0.000349874	0.00091	2.78E-05
0.000912	0.000349874	0.000912	0.000349874	0.000912	-0.000616404
0.000914	-0.00126059	0.000914	0.000349874	0.000914	2.78E-05
0.000916	-0.00190477	0.000916	0.000349874	0.000916	-0.000294312
0.000918	0.000349874	0.000918	2.78E-05	0.000918	-0.000294312
0.00092	0.000349874	0.00092	0.000349874	0.00092	-0.000294312
0.000922	-0.00158268	0.000922	2.78E-05	0.000922	-0.000938497
0.000924	-0.00126059	0.000924	2.78E-05	0.000924	-0.000616404
0.000926	0.00131615	0.000926	-0.000938497	0.000926	-0.000294312
0.000928	-0.000616404	0.000928	-0.000294312	0.000928	-0.000616404
0.00093	-0.000616404	0.00093	-0.000938497	0.00093	-0.000616404
0.000932	0.000994059	0.000932	-0.00158268	0.000932	-0.000616404
0.000934	0.00163824	0.000934	-0.00190477	0.000934	-0.000616404
0.000936	0.000349874	0.000936	-0.000938497	0.000936	-0.000616404
0.000938	-0.000616404	0.000938	-0.000938497	0.000938	-0.000616404
0.00094	0.00292662	0.00094	-0.00222687	0.00094	-0.000616404
0.000942	0.00131615	0.000942	-0.00254896	0.000942	-0.000294312
0.000944	2.78E-05	0.000944	-0.00190477	0.000944	-0.000294312
0.000946	0.000994059	0.000946	-0.00254896	0.000946	-0.000294312
0.000948	0.00228243	0.000948	-0.00222687	0.000948	2.78E-05
0.00095	0.00163824	0.00095	-0.00190477	0.00095	-0.000616404
0.000952	-0.000938497	0.000952	-0.00158268	0.000952	2.78E-05
0.000954	0.00163824	0.000954	-0.00190477	0.000954	-0.000616404
0.000956	2.78E-05	0.000956	-0.00190477	0.000956	-0.000294312
0.000958	-0.000294312	0.000958	-0.00126059	0.000958	-0.000294312
0.00096	0.000671966	0.00096	-0.00126059	0.00096	-0.000294312
0.000962	0.00163824	0.000962	-0.000938497	0.000962	2.78E-05
0.000964	0.000671966	0.000964	-0.000616404	0.000964	-0.000294312
0.000966	-0.00190477	0.000966	-0.000616404	0.000966	-0.000294312
0.000968	2.78E-05	0.000968	-0.00126059	0.000968	-0.000294312
0.00097	0.000671966	0.00097	-0.000616404	0.00097	-0.000294312
0.000972	-0.00158268	0.000972	-0.000294312	0.000972	-0.000616404
0.000974	-0.000938497	0.000974	-0.000294312	0.000974	-0.000616404
0.000976	0.000349874	0.000976	-0.000294312	0.000976	-0.000616404
0.000978	0.000349874	0.000978	-0.000938497	0.000978	-0.000616404
0.00098	-0.00158268	0.00098	-0.000616404	0.00098	-0.000616404
0.000982	-0.000616404	0.000982	2.78E-05	0.000982	-0.000294312
0.000984	0.000671966	0.000984	-0.000938497	0.000984	0.000349874
0.000986	-0.000616404	0.000986	-0.000294312	0.000986	-0.000294312
0.000988	-0.00126059	0.000988	-0.000294312	0.000988	2.78E-05
0.00099	0.000671966	0.00099	-0.00158268	0.00099	-0.000616404
0.000992	0.00196034	0.000992	-0.00158268	0.000992	-0.000616404
0.000994	-0.000616404	0.000994	-0.00126059	0.000994	-0.000616404
0.000996	-0.000294312	0.000996	-0.000616404	0.000996	-0.000294312
0.000998	0.00163824	0.000998	-0.000938497	0.000998	2.78E-05
