TimeV_S	AmplitudeV_S	TimeV_C	AmplitudeV_C	TimeV_R	AmplitudeV_R									
0	4.68204	0	0.343379	0	0.080551			0	0.343379	1.36E-02
2.00E-06	4.60827	2.00E-06	0.528905	2.00E-06	0.162685			2.00E-06	0.528905	1.36E-02
4.00E-06	4.16506	4.00E-06	0.859373	4.00E-06	0.239021			4.00E-06	0.859373	1.36E-02
6.00E-06	3.61749	6.00E-06	1.30032	6.00E-06	0.310847			6.00E-06	1.30032	1.36E-02
8.00E-06	2.98778	8.00E-06	1.81599	8.00E-06	0.376876			8.00E-06	1.81599	1.36E-02
1.00E-05	2.30172	1.00E-05	2.38868	1.00E-05	0.375588			1.00E-05	2.38868	1.36E-02
1.20E-05	-3.208	1.20E-05	2.62317	1.20E-05	0.388794			1.20E-05	2.62317	1.36E-02
1.40E-05	-3.62254	1.40E-05	3.03062	1.40E-05	0.348532			1.40E-05	3.03062	1.36E-02
1.60E-05	-3.87763	1.60E-05	3.3247	1.60E-05	0.299252			1.60E-05	3.3247	1.36E-02
1.80E-05	-3.98553	1.80E-05	3.49316	1.80E-05	0.247717			1.80E-05	3.49316	1.36E-02
2.00E-05	-3.98102	2.00E-05	3.54308	2.00E-05	0.19586			2.00E-05	3.54308	1.36E-02
2.20E-05	-3.85219	2.20E-05	3.47415	2.20E-05	0.129509			2.20E-05	3.47415	1.36E-02
2.40E-05	-3.61384	2.40E-05	3.31278	2.40E-05	0.0695998			2.40E-05	3.31278	1.36E-02
2.60E-05	-3.27403	2.60E-05	3.05703	2.60E-05	0.011301			2.60E-05	3.05703	1.36E-02
2.80E-05	-2.85435	2.80E-05	2.71561	2.80E-05	-0.0428105			2.80E-05	2.71561	1.36E-02
3.00E-05	-2.37669	3.00E-05	2.32072	3.00E-05	-0.0994988			3.00E-05	2.32072	1.36E-02
3.20E-05	-1.84652	3.20E-05	1.87268	3.20E-05	-0.143948			3.20E-05	1.87268	1.36E-02
3.40E-05	-1.28737	3.40E-05	1.39469	3.40E-05	-0.189685			3.40E-05	1.39469	1.36E-02
3.60E-05	-0.715983	3.60E-05	0.889649	3.60E-05	-0.222216			3.60E-05	0.889649	1.36E-02
3.80E-05	-0.140727	3.80E-05	0.379131	3.80E-05	-0.245085			3.80E-05	0.379131	1.36E-02
4.00E-05	0.414239	4.00E-05	-0.125588	4.00E-05	-0.263122			4.00E-05	-0.125588	1.36E-02
4.20E-05	0.933132	4.20E-05	-0.600352	4.20E-05	-0.269242			4.20E-05	-0.600352	1.36E-02
4.40E-05	1.38696	4.40E-05	-1.03163	4.40E-05	-0.266343			4.40E-05	-1.03163	1.36E-02
4.60E-05	1.77638	4.60E-05	-1.4059	4.60E-05	-0.255714			4.60E-05	-1.4059	1.36E-02
4.80E-05	2.09364	4.80E-05	-1.71672	4.80E-05	-0.239287			4.80E-05	-1.71672	1.36E-02
5.00E-05	2.32072	5.00E-05	-1.95378	5.00E-05	-0.212553			5.00E-05	-1.95378	1.36E-02
5.20E-05	2.46792	5.20E-05	-2.11	5.20E-05	-0.185498			5.20E-05	-2.11	1.36E-02
5.40E-05	2.53201	5.40E-05	-2.21532	5.40E-05	-0.149101			5.40E-05	-2.21532	1.36E-02
5.60E-05	2.52106	5.60E-05	-2.23561	5.60E-05	-0.113027			5.60E-05	-2.23561	1.36E-02
5.80E-05	2.41735	5.80E-05	-2.17667	5.80E-05	-0.0714768			5.80E-05	-2.17667	1.36E-02
6.00E-05	2.24857	6.00E-05	-2.06136	6.00E-05	-0.0370129			6.00E-05	-2.06136	1.36E-02
6.20E-05	2.02053	6.20E-05	-1.88453	6.20E-05	0.00582545			6.20E-05	-1.88453	1.36E-02
6.40E-05	1.74062	6.40E-05	-1.66358	6.40E-05	0.0386789			6.40E-05	-1.66358	1.36E-02
6.60E-05	1.4166	6.60E-05	-1.39914	6.60E-05	0.0728207			6.60E-05	-1.39914	1.36E-02
6.80E-05	1.06519	6.80E-05	-1.10507	6.80E-05	0.0995544			6.80E-05	-1.10507	1.36E-02
7.00E-05	0.706056	7.00E-05	-0.787488	7.00E-05	0.126288			7.00E-05	-0.787488	1.36E-02
7.20E-05	0.330173	7.20E-05	-0.458954	7.20E-05	0.145614			7.20E-05	-0.458954	1.36E-02
7.40E-05	-0.0370129	7.40E-05	-0.13042	7.40E-05	0.159786			7.40E-05	-0.13042	1.36E-02
7.60E-05	-0.384873	7.60E-05	0.188774	7.60E-05	0.16816			7.60E-05	0.188774	1.36E-02
7.80E-05	-0.7031	7.80E-05	0.483489	7.80E-05	0.170415			7.80E-05	0.483489	1.36E-02
8.00E-05	-0.984608	8.00E-05	0.750183	8.00E-05	0.166872			8.00E-05	0.750183	1.36E-02
8.20E-05	-1.21812	8.20E-05	0.975971	8.20E-05	0.158497			8.20E-05	0.975971	1.36E-02
8.40E-05	-1.3985	8.40E-05	1.16021	8.40E-05	0.144325			8.40E-05	1.16021	1.36E-02
8.60E-05	-1.52314	8.60E-05	1.29356	8.60E-05	0.126288			8.60E-05	1.29356	1.36E-02
8.80E-05	-1.59626	8.80E-05	1.37923	8.80E-05	0.10503			8.80E-05	1.37923	1.36E-02
9.00E-05	-1.60979	9.00E-05	1.41756	9.00E-05	0.080551			9.00E-05	1.41756	1.36E-02
9.20E-05	-1.56598	9.20E-05	1.40081	9.20E-05	0.0551056			9.20E-05	1.40081	1.36E-02
9.40E-05	-1.47515	9.40E-05	1.34219	9.40E-05	0.0303045			9.40E-05	1.34219	1.36E-02
9.60E-05	-1.3402	9.60E-05	1.24138	9.60E-05	0.00260452			9.60E-05	1.24138	1.36E-02
9.80E-05	-1.16272	9.80E-05	1.10288	9.80E-05	-0.0231629			9.80E-05	1.10288	1.36E-02
1.00E-04	-0.954653	1.00E-04	0.936675	1.00E-04	-0.0460315			1.00E-04	0.936675	1.36E-02
0.000102	-0.729833	0.000102	0.743097	0.000102	-0.0672896			0.000102	0.743097	1.36E-02
0.000104	-0.490197	0.000104	0.536957	0.000104	-0.0830721			0.000104	0.536957	1.36E-02
0.000106	-0.240253	0.000106	0.321154	0.000106	-0.0969221			0.000106	0.321154	1.36E-02
0.000108	0.00131615	0.000108	0.102775	0.000108	-0.106263			0.000108	0.102775	1.36E-02
0.00011	0.227747	0.00011	-0.107873	0.00011	-0.111416			0.00011	-0.107873	1.36E-02
0.000112	0.440007	0.000112	-0.30596	0.000112	-0.114315			0.000112	-0.30596	1.36E-02
0.000114	0.634873	0.000114	-0.483755	0.000114	-0.111094			0.000114	-0.483755	1.36E-02
0.000116	0.787868	0.000116	-0.632884	0.000116	-0.105619			0.000116	-0.632884	1.36E-02
0.000118	0.908009	0.000118	-0.757211	0.000118	-0.0969221			0.000118	-0.757211	1.36E-02
0.00012	0.993042	0.00012	-0.847397	0.00012	-0.0843605			0.00012	-0.847397	1.36E-02
0.000122	1.04297	0.000122	-0.900864	0.000122	-0.0679338			0.000122	-0.900864	1.36E-02
0.000124	1.04683	0.000124	-0.922766	0.000124	-0.0534396			0.000124	-0.922766	1.36E-02
0.000126	1.01108	0.000126	-0.914392	0.000126	-0.0354024			0.000126	-0.914392	1.36E-02
0.000128	0.950525	0.000128	-0.871876	0.000128	-0.0160769			0.000128	-0.871876	1.36E-02
0.00013	0.854863	0.00013	-0.801982	0.00013	0.00163824			0.00013	-0.801982	1.36E-02
0.000132	0.728925	0.000132	-0.702455	0.000132	0.018065			0.000132	-0.702455	1.36E-02
0.000134	0.590424	0.000134	-0.587147	0.000134	0.0315929			0.000134	-0.587147	1.36E-02
0.000136	0.436786	0.000136	-0.457021	0.000136	0.0457649			0.000136	-0.457021	1.36E-02
0.000138	0.274773	0.000138	-0.314657	0.000138	0.0570382			0.000138	-0.314657	1.36E-02
0.00014	0.10503	0.00014	-0.169715	0.00014	0.0654126			0.00014	-0.169715	1.36E-02
0.000142	-0.0511849	0.000142	-0.0241292	0.000142	0.0715324			0.000142	-0.0241292	1.36E-02
0.000144	-0.206756	0.000144	0.115015	0.000144	0.073787			0.000144	0.115015	1.36E-02
0.000146	-0.342679	0.000146	0.243208	0.000146	0.0741091			0.000146	0.243208	1.36E-02
0.000148	-0.465074	0.000148	0.356907	0.000148	0.0715324			0.000148	0.356907	1.36E-02
0.00015	-0.556548	0.00015	0.451924	0.00015	0.066701			0.00015	0.451924	1.36E-02
0.000152	-0.626442	0.000152	0.525362	0.000152	0.0589707			0.000152	0.525362	1.36E-02
0.000154	-0.677977	0.000154	0.576574	0.000154	0.049308			0.000154	0.576574	1.36E-02
0.000156	-0.695047	0.000156	0.606851	0.000156	0.0393231			0.000156	0.606851	1.36E-02
0.000158	-0.683774	0.000158	0.60975	0.000158	0.0277278			0.000158	0.60975	1.36E-02
0.00016	-0.655108	0.00016	0.591069	0.00016	0.014522			0.00016	0.591069	1.36E-02
0.000162	-0.598742	0.000162	0.552095	0.000162	0.00260452			0.000162	0.552095	1.36E-02
0.000164	-0.523372	0.000164	0.494118	0.000164	-0.009635			0.000164	0.494118	1.36E-02
0.000166	-0.427711	0.000166	0.419715	0.000166	-0.019942			0.000166	0.419715	1.36E-02
0.000168	-0.330761	0.000168	0.33436	0.000168	-0.0292827			0.000168	0.33436	1.36E-02
0.00017	-0.223504	0.00017	0.240953	0.00017	-0.0379792			0.00017	0.240953	1.36E-02
0.000172	-0.109806	0.000172	0.143037	0.000172	-0.0447431			0.000172	0.143037	1.36E-02
0.000174	0.00292662	0.000174	0.0435103	0.000174	-0.0492524			0.000174	0.0435103	1.36E-02
0.000176	0.107607	0.000176	-0.0524733	0.000176	-0.051507			0.000176	-0.0524733	1.36E-02
0.000178	0.20198	0.000178	-0.142981	0.000178	-0.0518291			0.000178	-0.142981	1.36E-02
0.00018	0.293454	0.00018	-0.223182	0.00018	-0.0508629			0.00018	-0.223182	1.36E-02
0.000182	0.359806	0.000182	-0.292754	0.000182	-0.0476419			0.000182	-0.292754	1.36E-02
0.000184	0.410052	0.000184	-0.346222	0.000184	-0.0421664			0.000184	-0.346222	1.36E-02
0.000186	0.450314	0.000186	-0.384229	0.000186	-0.0366908			0.000186	-0.384229	1.36E-02
0.000188	0.466418	0.000188	-0.408063	0.000188	-0.0296047			0.000188	-0.408063	1.36E-02
0.00019	0.462553	0.00019	-0.414827	0.00019	-0.0218745			0.00019	-0.414827	1.36E-02
0.000192	0.44355	0.000192	-0.405809	0.000192	-0.0141443			0.000192	-0.405809	1.36E-02
0.000194	0.412307	0.000194	-0.381974	0.000194	-0.00448152			0.000194	-0.381974	1.36E-02
0.000196	0.363671	0.000196	-0.344611	0.000196	0.00389289			0.000196	-0.344611	1.36E-02
0.000198	0.30054	0.000198	-0.295653	0.000198	0.0109789			0.000198	-0.295653	1.36E-02
0.0002	0.232579	0.0002	-0.238643	0.0002	0.0174208			0.0002	-0.238643	1.36E-02
0.000202	0.161396	0.000202	-0.175513	0.000202	0.0235405			0.000202	-0.175513	1.36E-02
0.000204	0.0828056	0.000204	-0.108517	0.000204	0.0283719			0.000204	-0.108517	1.36E-02
0.000206	0.00163824	0.000206	-0.040878	0.000206	0.0322371			0.000206	-0.040878	1.36E-02
0.000208	-0.0666454	0.000208	0.0261173	0.000208	0.0332033			0.000208	0.0261173	1.36E-02
0.00021	-0.132352	0.00021	0.0882812	0.00021	0.0335254			0.00021	0.0882812	1.36E-02
0.000212	-0.194194	0.000212	0.144325	0.000212	0.0332033			0.000212	0.144325	1.36E-02
0.000214	-0.246373	0.000214	0.191995	0.000214	0.0312708			0.000214	0.191995	1.36E-02
0.000216	-0.279549	0.000216	0.229358	0.000216	0.0280498			0.000216	0.229358	1.36E-02
0.000218	-0.30435	0.000218	0.25738	0.000218	0.0235405			0.000218	0.25738	1.36E-02
0.00022	-0.317878	0.00022	0.273163	0.00022	0.0193533			0.00022	0.273163	1.36E-02
0.000222	-0.316267	0.000222	0.27735	0.000222	0.0132336			0.000222	0.27735	1.36E-02
0.000224	-0.300807	0.000224	0.270908	0.000224	0.00775801			0.000224	0.270908	1.36E-02
0.000226	-0.280515	0.000226	0.254803	0.000226	0.00131615			0.000226	0.254803	1.36E-02
0.000228	-0.247983	0.000228	0.228392	0.000228	-0.00448152			0.000228	0.228392	1.36E-02
0.00023	-0.20128	0.00023	0.195216	0.00023	-0.00931291			0.00023	0.195216	1.36E-02
0.000232	-0.153932	0.000232	0.155599	0.000232	-0.0144664			0.000232	0.155599	1.36E-02
0.000234	-0.10272	0.000234	0.111472	0.000234	-0.0189757			0.000234	0.111472	1.36E-02
0.000236	-0.0560163	0.000236	0.0657347	0.000236	-0.0212303			0.000236	0.0657347	1.36E-02
0.000238	0.00292662	0.000238	0.0187092	0.000238	-0.0241292			0.000238	0.0187092	1.36E-02
0.00024	0.0515626	0.00024	-0.0263838	0.00024	-0.0247734			0.00024	-0.0263838	1.36E-02
0.000242	0.0940789	0.000242	-0.0689	0.000242	-0.0250954			0.000242	-0.0689	1.36E-02
0.000244	0.134663	0.000244	-0.106585	0.000244	-0.0244513			0.000244	-0.106585	1.36E-02
0.000246	0.173314	0.000246	-0.139438	0.000246	-0.0225187			0.000246	-0.139438	1.36E-02
0.000248	0.196826	0.000248	-0.164562	0.000248	-0.0209082			0.000248	-0.164562	1.36E-02
0.00025	0.207133	0.00025	-0.182277	0.00025	-0.0173652			0.00025	-0.182277	1.36E-02
0.000252	0.219373	0.000252	-0.191939	0.000252	-0.0135001			0.000252	-0.191939	1.36E-02
0.000254	0.215508	0.000254	-0.193872	0.000254	-0.0102792			0.000254	-0.193872	1.36E-02
0.000256	0.202946	0.000256	-0.188718	0.000256	-0.00641407			0.000256	-0.188718	1.36E-02
0.000258	0.184265	0.000258	-0.175835	0.000258	-0.00190477			0.000258	-0.175835	1.36E-02
0.00026	0.161074	0.00026	-0.157798	0.00026	0.00163824			0.00026	-0.157798	1.36E-02
0.000262	0.137239	0.000262	-0.133319	0.000262	0.00550336			0.000262	-0.133319	1.36E-02
0.000264	0.0966556	0.000264	-0.105619	0.000264	0.00840219			0.000264	-0.105619	1.36E-02
0.000266	0.0647684	0.000266	-0.0750198	0.000266	0.0116231			0.000266	-0.0750198	1.36E-02
0.000268	0.0283719	0.000268	-0.0421664	0.000268	0.0138778			0.000268	-0.0421664	1.36E-02
0.00027	-0.00802454	0.00027	-0.00995709	0.00027	0.014844			0.00027	-0.00995709	1.36E-02
0.000272	-0.0457094	0.000272	0.0206417	0.000272	0.0151661			0.000272	0.0206417	1.36E-02
0.000274	-0.0740535	0.000274	0.0496301	0.000274	0.0151661			0.000274	0.0496301	1.36E-02
0.000276	-0.0946674	0.000276	0.0753975	0.000276	0.0141999			0.000276	0.0753975	1.36E-02
0.000278	-0.122367	0.000278	0.0963335	0.000278	0.0132336			0.000278	0.0963335	1.36E-02
0.00028	-0.13815	0.00028	0.11276	0.00028	0.0116231			0.00028	0.11276	1.36E-02
0.000282	-0.143626	0.000282	0.123067	0.000282	0.00904638			0.000282	0.123067	1.36E-02
0.000284	-0.146202	0.000284	0.128865	0.000284	0.00743591			0.000284	0.128865	1.36E-02
0.000286	-0.148457	0.000286	0.128543	0.000286	0.00453708			0.000286	0.128543	1.36E-02
0.000288	-0.13976	0.000288	0.123067	0.000288	0.00163824			0.000288	0.123067	1.36E-02
0.00029	-0.119791	0.00029	0.113404	0.00029	-0.000938497			0.00029	0.113404	1.36E-02
0.000292	-0.104652	0.000292	0.0998765	0.000292	-0.00383733			0.000292	0.0998765	1.36E-02
0.000294	-0.0866151	0.000294	0.0818393	0.000294	-0.00641407			0.000294	0.0818393	1.36E-02
0.000296	-0.0608477	0.000296	0.0621917	0.000296	-0.00834663			0.000296	0.0621917	1.36E-02
0.000298	-0.0360466	0.000298	0.0412556	0.000298	-0.0106013			0.000298	0.0412556	1.36E-02
0.0003	-0.0128559	0.0003	0.0187092	0.0003	-0.0118896			0.0003	0.0187092	1.36E-02
0.000302	0.0100127	0.000302	-0.00448152	0.000302	-0.0112455			0.000302	-0.00448152	1.36E-02
0.000304	0.0380347	0.000304	-0.0247734	0.000304	-0.0125338			0.000304	-0.0247734	1.36E-02
0.000306	0.0592928	0.000306	-0.0440989	0.000306	-0.0125338			0.000306	-0.0440989	1.36E-02
0.000308	0.0695998	0.000308	-0.0611698	0.000308	-0.0112455			0.000308	-0.0611698	1.36E-02
0.00031	0.0882812	0.00031	-0.0743756	0.00031	-0.00995709			0.00031	-0.0743756	1.36E-02
0.000312	0.100521	0.000312	-0.0837163	0.000312	-0.00899081			0.000312	-0.0837163	1.36E-02
0.000314	0.102775	0.000314	-0.0908023	0.000314	-0.00705826			0.000314	-0.0908023	1.36E-02
0.000316	0.0998765	0.000316	-0.0933791	0.000316	-0.00544779			0.000316	-0.0933791	1.36E-02
0.000318	0.100843	0.000318	-0.0920907	0.000318	-0.00351524			0.000318	-0.0920907	1.36E-02
0.00032	0.0950451	0.00032	-0.0872593	0.00032	-0.00287105			0.00032	-0.0872593	1.36E-02
0.000322	0.0792626	0.000322	-0.0795291	0.000322	2.78E-05			0.000322	-0.0795291	1.36E-02
0.000324	0.0657347	0.000324	-0.0692221	0.000324	0.00196034			0.000324	-0.0692221	1.36E-02
0.000326	0.0551056	0.000326	-0.0566605	0.000326	0.0035708			0.000326	-0.0566605	1.36E-02
0.000328	0.0383568	0.000328	-0.0421664	0.000328	0.00453708			0.000328	-0.0421664	1.36E-02
0.00033	0.0154882	0.00033	-0.0273501	0.00033	0.00582545			0.00033	-0.0273501	1.36E-02
0.000332	0.000349874	0.000332	-0.0106013	0.000332	0.00679173			0.000332	-0.0106013	1.36E-02
0.000334	-0.0125338	0.000334	0.00389289	0.000334	0.00646963			0.000334	0.00389289	1.36E-02
0.000336	-0.0325036	0.000336	0.0183871	0.000336	0.00646963			0.000336	0.0183871	1.36E-02
0.000338	-0.0447431	0.000338	0.0315929	0.000338	0.00679173			0.000338	0.0315929	1.36E-02
0.00034	-0.0534396	0.00034	0.0415777	0.00034	0.00582545			0.00034	0.0415777	1.36E-02
0.000342	-0.0624582	0.000342	0.0505963	0.000342	0.00518126			0.000342	0.0505963	1.36E-02
0.000344	-0.0695442	0.000344	0.0560719	0.000344	0.0035708			0.000344	0.0560719	1.36E-02
0.000346	-0.0746977	0.000346	0.0592928	0.000346	0.00324871			0.000346	0.0592928	1.36E-02
0.000348	-0.0682559	0.000348	0.0609033	0.000348	0.00196034			0.000348	0.0609033	1.36E-02
0.00035	-0.0672896	0.00035	0.0583266	0.00035	0.000349874			0.00035	0.0583266	1.36E-02
0.000352	-0.061814	0.000352	0.0544614	0.000352	-0.000938497			0.000352	0.0544614	1.36E-02
0.000354	-0.0550501	0.000354	0.0473754	0.000354	-0.00254896			0.000354	0.0473754	1.36E-02
0.000356	-0.0405559	0.000356	0.0399673	0.000356	-0.00319315			0.000356	0.0399673	1.36E-02
0.000358	-0.0312152	0.000358	0.0306266	0.000358	-0.00415942			0.000358	0.0306266	1.36E-02
0.00036	-0.0238071	0.00036	0.0209638	0.00036	-0.00576989			0.00036	0.0209638	1.36E-02
0.000362	-0.00576989	0.000362	0.0109789	0.000362	-0.00609198			0.000362	0.0109789	1.36E-02
0.000364	0.0035708	0.000364	-0.00126059	0.000364	-0.00609198			0.000364	-0.00126059	1.36E-02
0.000366	0.0132336	0.000366	-0.0112455	0.000366	-0.00576989			0.000366	-0.0112455	1.36E-02
0.000368	0.0254731	0.000368	-0.0212303	0.000368	-0.00609198			0.000368	-0.0212303	1.36E-02
0.00037	0.0344917	0.00037	-0.0296047	0.00037	-0.00609198			0.00037	-0.0296047	1.36E-02
0.000372	0.0444766	0.000372	-0.0357245	0.000372	-0.00544779			0.000372	-0.0357245	1.36E-02
0.000374	0.0422219	0.000374	-0.040878	0.000374	-0.0051257			0.000374	-0.040878	1.36E-02
0.000376	0.0486638	0.000376	-0.0450652	0.000376	-0.00383733			0.000376	-0.0450652	1.36E-02
0.000378	0.0522068	0.000378	-0.0460315	0.000378	-0.00351524			0.000378	-0.0460315	1.36E-02
0.00038	0.046087	0.00038	-0.0460315	0.00038	-0.00222687			0.00038	-0.0460315	1.36E-02
0.000382	0.0447987	0.000382	-0.0440989	0.000382	-0.00126059			0.000382	-0.0440989	1.36E-02
0.000384	0.039001	0.000384	-0.040878	0.000384	-0.000616404			0.000384	-0.040878	1.36E-02
0.000386	0.0386789	0.000386	-0.0360466	0.000386	0.000349874			0.000386	-0.0360466	1.36E-02
0.000388	0.0241847	0.000388	-0.0296047	0.000388	0.000994059			0.000388	-0.0296047	1.36E-02
0.00039	0.0161324	0.00039	-0.0225187	0.00039	0.00196034			0.00039	-0.0225187	1.36E-02
0.000392	0.0122673	0.000392	-0.0154327	0.000392	0.00260452			0.000392	-0.0154327	1.36E-02
0.000394	2.78E-05	0.000394	-0.00738035	0.000394	0.00292662			0.000394	-0.00738035	1.36E-02
0.000396	-0.00609198	0.000396	-0.000294312	0.000396	0.00324871			0.000396	-0.000294312	1.36E-02
0.000398	-0.0144664	0.000398	0.00679173	0.000398	0.00260452			0.000398	0.00679173	1.36E-02
0.0004	-0.0163989	0.0004	0.0132336	0.0004	0.00196034			0.0004	0.0132336	1.36E-02
0.000402	-0.0250954	0.000402	0.0183871	0.000402	0.00228243			0.000402	0.0183871	1.36E-02
0.000404	-0.0308931	0.000404	0.0228964	0.000404	0.00196034			0.000404	0.0228964	1.36E-02
0.000406	-0.030571	0.000406	0.0254731	0.000406	0.000994059			0.000406	0.0254731	1.36E-02
0.000408	-0.0363687	0.000408	0.0270836	0.000408	0.000671966			0.000408	0.0270836	1.36E-02
0.00041	-0.0357245	0.00041	0.0277278	0.00041	-0.000294312			0.00041	0.0277278	1.36E-02
0.000412	-0.0344361	0.000412	0.0267615	0.000412	0.000349874			0.000412	0.0267615	1.36E-02
0.000414	-0.0286385	0.000414	0.025151	0.000414	-0.000938497			0.000414	0.025151	1.36E-02
0.000416	-0.0254175	0.000416	0.0219301	0.000416	-0.00222687			0.000416	0.0219301	1.36E-02
0.000418	-0.0238071	0.000418	0.0183871	0.000418	-0.00222687			0.000418	0.0183871	1.36E-02
0.00042	-0.0141443	0.00042	0.0135557	0.00042	-0.00254896			0.00042	0.0135557	1.36E-02
0.000422	-0.00931291	0.000422	0.00872428	0.000422	-0.00351524			0.000422	0.00872428	1.36E-02
0.000424	-0.00383733	0.000424	0.0035708	0.000424	-0.00351524			0.000424	0.0035708	1.36E-02
0.000426	2.78E-05	0.000426	-0.00158268	0.000426	-0.00319315			0.000426	-0.00158268	1.36E-02
0.000428	0.00743591	0.000428	-0.00673617	0.000428	-0.00287105			0.000428	-0.00673617	1.36E-02
0.00043	0.0138778	0.00043	-0.0115676	0.00043	-0.00319315			0.00043	-0.0115676	1.36E-02
0.000432	0.0158103	0.000432	-0.0157548	0.000432	-0.00319315			0.000432	-0.0157548	1.36E-02
0.000434	0.0183871	0.000434	-0.0189757	0.000434	-0.00287105			0.000434	-0.0189757	1.36E-02
0.000436	0.0238626	0.000436	-0.0212303	0.000436	-0.00254896			0.000436	-0.0212303	1.36E-02
0.000438	0.0267615	0.000438	-0.0231629	0.000438	-0.00158268			0.000438	-0.0231629	1.36E-02
0.00044	0.0206417	0.00044	-0.0241292	0.00044	-0.00158268			0.00044	-0.0241292	1.36E-02
0.000442	0.0193533	0.000442	-0.0250954	0.000442	-0.00126059			0.000442	-0.0250954	1.36E-02
0.000444	0.0238626	0.000444	-0.0228408	0.000444	-0.000616404			0.000444	-0.0228408	1.36E-02
0.000446	0.0170987	0.000446	-0.0215524	0.000446	2.78E-05			0.000446	-0.0215524	1.36E-02
0.000448	0.014522	0.000448	-0.0189757	0.000448	2.78E-05			0.000448	-0.0189757	1.36E-02
0.00045	0.0129115	0.00045	-0.0157548	0.00045	0.000671966			0.00045	-0.0157548	1.36E-02
0.000452	0.0135557	0.000452	-0.0122117	0.000452	0.000994059			0.000452	-0.0122117	1.36E-02
0.000454	0.00485917	0.000454	-0.00899081	0.000454	0.000994059			0.000454	-0.00899081	1.36E-02
0.000456	-0.000938497	0.000456	-0.00480361	0.000456	0.000994059			0.000456	-0.00480361	1.36E-02
0.000458	-0.00254896	0.000458	-0.00158268	0.000458	0.00131615			0.000458	-0.00158268	1.36E-02
0.00046	-0.00576989	0.00046	0.00260452	0.00046	0.000994059			0.00046	0.00260452	1.36E-02
0.000462	-0.0122117	0.000462	0.00550336	0.000462	0.00131615			0.000462	0.00550336	1.36E-02
0.000464	-0.0125338	0.000464	0.00775801	0.000464	0.000349874			0.000464	0.00775801	1.36E-02
0.000466	-0.0154327	0.000466	0.0103347	0.000466	0.000349874			0.000466	0.0103347	1.36E-02
0.000468	-0.0160769	0.000468	0.0116231	0.000468	-0.000294312			0.000468	0.0116231	1.36E-02
0.00047	-0.0209082	0.00047	0.0119452	0.00047	-0.000294312			0.00047	0.0119452	1.36E-02
0.000472	-0.0151106	0.000472	0.0125894	0.000472	-0.000938497			0.000472	0.0125894	1.36E-02
0.000474	-0.013178	0.000474	0.0122673	0.000474	-0.000616404			0.000474	0.0122673	1.36E-02
0.000476	-0.0154327	0.000476	0.011301	0.000476	-0.00158268			0.000476	0.011301	1.36E-02
0.000478	-0.0147885	0.000478	0.00969056	0.000478	-0.000938497			0.000478	0.00969056	1.36E-02
0.00048	-0.0122117	0.00048	0.00775801	0.00048	-0.00126059			0.00048	0.00775801	1.36E-02
0.000482	-0.0051257	0.000482	0.00582545	0.000482	-0.00254896			0.000482	0.00582545	1.36E-02
0.000484	-0.00705826	0.000484	0.00292662	0.000484	-0.00222687			0.000484	0.00292662	1.36E-02
0.000486	-0.00158268	0.000486	0.000349874	0.000486	-0.00126059			0.000486	0.000349874	1.36E-02
0.000488	0.000671966	0.000488	-0.00190477	0.000488	-0.00190477			0.000488	-0.00190477	1.36E-02
0.00049	0.00260452	0.00049	-0.0051257	0.00049	-0.00158268			0.00049	-0.0051257	1.36E-02
0.000492	0.00453708	0.000492	-0.00705826	0.000492	-0.00158268			0.000492	-0.00705826	1.36E-02
0.000494	0.00872428	0.000494	-0.00931291	0.000494	-0.00158268			0.000494	-0.00931291	1.36E-02
0.000496	0.0122673	0.000496	-0.0106013	0.000496	-0.00190477			0.000496	-0.0106013	1.36E-02
0.000498	0.00969056	0.000498	-0.0118896	0.000498	-0.00126059			0.000498	-0.0118896	1.36E-02
0.0005	0.0106568	0.0005	-0.0128559	0.0005	-0.00158268			0.0005	-0.0128559	1.36E-02
0.000502	0.0138778	0.000502	-0.0135001	0.000502	-0.00126059			0.000502	-0.0135001	1.36E-02
0.000504	0.0129115	0.000504	-0.0135001	0.000504	-0.000616404			0.000504	-0.0135001	1.36E-02
0.000506	0.00775801	0.000506	-0.013178	0.000506	-0.000616404			0.000506	-0.013178	1.36E-02
0.000508	0.00969056	0.000508	-0.0125338	0.000508	2.78E-05			0.000508	-0.0125338	1.36E-02
0.00051	0.0132336	0.00051	-0.0106013	0.00051	-0.000294312			0.00051	-0.0106013	1.36E-02
0.000512	0.0035708	0.000512	-0.00931291	0.000512	-0.000294312			0.000512	-0.00931291	1.36E-02
0.000514	0.00196034	0.000514	-0.00738035	0.000514	0.000349874			0.000514	-0.00738035	1.36E-02
0.000516	0.00292662	0.000516	-0.00576989	0.000516	2.78E-05			0.000516	-0.00576989	1.36E-02
0.000518	0.00163824	0.000518	-0.00351524	0.000518	2.78E-05			0.000518	-0.00351524	1.36E-02
0.00052	-0.00448152	0.00052	-0.00126059	0.00052	0.000349874			0.00052	-0.00126059	1.36E-02
0.000522	-0.00480361	0.000522	0.000349874	0.000522	0.000349874			0.000522	0.000349874	1.36E-02
0.000524	-0.00158268	0.000524	0.00131615	0.000524	2.78E-05			0.000524	0.00131615	1.36E-02
0.000526	-0.00576989	0.000526	0.00324871	0.000526	-0.000294312			0.000526	0.00324871	1.36E-02
0.000528	-0.0102792	0.000528	0.00324871	0.000528	-0.000616404			0.000528	0.00324871	1.36E-02
0.00053	-0.00866872	0.00053	0.00485917	0.00053	-0.000616404			0.00053	0.00485917	1.36E-02
0.000532	-0.00609198	0.000532	0.00485917	0.000532	-0.000616404			0.000532	0.00485917	1.36E-02
0.000534	-0.0106013	0.000534	0.00453708	0.000534	-0.000938497			0.000534	0.00453708	1.36E-02
0.000536	-0.00931291	0.000536	0.00453708	0.000536	-0.00126059			0.000536	0.00453708	1.36E-02
0.000538	-0.00415942	0.000538	0.0035708	0.000538	-0.00126059			0.000538	0.0035708	1.36E-02
0.00054	-0.00287105	0.00054	0.00324871	0.00054	-0.00158268			0.00054	0.00324871	1.36E-02
0.000542	-0.00609198	0.000542	0.00228243	0.000542	-0.00222687			0.000542	0.00228243	1.36E-02
0.000544	-0.00448152	0.000544	0.000994059	0.000544	-0.00158268			0.000544	0.000994059	1.36E-02
0.000546	0.000349874	0.000546	0.000349874	0.000546	-0.000616404			0.000546	0.000349874	1.36E-02
0.000548	-0.00190477	0.000548	-0.00126059	0.000548	-0.000938497			0.000548	-0.00126059	1.36E-02
0.00055	0.000671966	0.00055	-0.00287105	0.00055	-0.00158268			0.00055	-0.00287105	1.36E-02
0.000552	0.000994059	0.000552	-0.00351524	0.000552	-0.00126059			0.000552	-0.00351524	1.36E-02
0.000554	0.00550336	0.000554	-0.00544779	0.000554	-0.000616404			0.000554	-0.00544779	1.36E-02
0.000556	0.0035708	0.000556	-0.00576989	0.000556	-0.00158268			0.000556	-0.00576989	1.36E-02
0.000558	0.00421499	0.000558	-0.00705826	0.000558	-0.000938497			0.000558	-0.00705826	1.36E-02
0.00056	0.00936847	0.00056	-0.00738035	0.00056	-0.00126059			0.00056	-0.00738035	1.36E-02
0.000562	0.00614754	0.000562	-0.00802454	0.000562	-0.000938497			0.000562	-0.00802454	1.36E-02
0.000564	0.00131615	0.000564	-0.00770244	0.000564	-0.00126059			0.000564	-0.00770244	1.36E-02
0.000566	0.00228243	0.000566	-0.00866872	0.000566	-0.000616404			0.000566	-0.00866872	1.36E-02
0.000568	0.00904638	0.000568	-0.00770244	0.000568	-0.000938497			0.000568	-0.00770244	1.36E-02
0.00057	0.00485917	0.00057	-0.00738035	0.00057	2.78E-05			0.00057	-0.00738035	1.36E-02
0.000572	0.00163824	0.000572	-0.00673617	0.000572	-0.000938497			0.000572	-0.00673617	1.36E-02
0.000574	0.00260452	0.000574	-0.00609198	0.000574	-0.000616404			0.000574	-0.00609198	1.36E-02
0.000576	0.00421499	0.000576	-0.00480361	0.000576	-0.000294312			0.000576	-0.00480361	1.36E-02
0.000578	0.000671966	0.000578	-0.00383733	0.000578	2.78E-05			0.000578	-0.00383733	1.36E-02
0.00058	-0.00287105	0.00058	-0.00287105	0.00058	-0.000616404			0.00058	-0.00287105	1.36E-02
0.000582	0.00163824	0.000582	-0.00254896	0.000582	2.78E-05			0.000582	-0.00254896	1.36E-02
0.000584	2.78E-05	0.000584	-0.00126059	0.000584	-0.000616404			0.000584	-0.00126059	1.36E-02
0.000586	-0.00480361	0.000586	-0.00126059	0.000586	2.78E-05			0.000586	-0.00126059	1.36E-02
0.000588	-0.00190477	0.000588	0.000349874	0.000588	0.000349874			0.000588	0.000349874	1.36E-02
0.00059	-0.00158268	0.00059	0.000349874	0.00059	-0.000294312			0.00059	0.000349874	1.36E-02
0.000592	-0.00222687	0.000592	0.000994059	0.000592	-0.00158268			0.000592	0.000994059	1.36E-02
0.000594	-0.00738035	0.000594	0.000349874	0.000594	-0.000294312			0.000594	0.000349874	1.36E-02
0.000596	-0.00480361	0.000596	0.00131615	0.000596	-0.00126059			0.000596	0.00131615	1.36E-02
0.000598	-0.00351524	0.000598	0.00131615	0.000598	-0.00158268			0.000598	0.00131615	1.36E-02
0.0006	-0.00576989	0.0006	0.000671966	0.0006	-0.00158268			0.0006	0.000671966	1.36E-02
0.000602	-0.00544779	0.000602	0.000671966	0.000602	-0.000938497			0.000602	0.000671966	1.36E-02
0.000604	-0.00254896	0.000604	2.78E-05	0.000604	-0.000616404			0.000604	2.78E-05	1.36E-02
0.000606	0.0035708	0.000606	-0.00126059	0.000606	-0.000294312			0.000606	-0.00126059	1.36E-02
0.000608	-0.00415942	0.000608	-0.000938497	0.000608	-0.000938497			0.000608	-0.000938497	1.36E-02
0.00061	-0.00351524	0.00061	-0.00158268	0.00061	-0.00126059			0.00061	-0.00158268	1.36E-02
0.000612	0.000671966	0.000612	-0.00254896	0.000612	-0.000938497			0.000612	-0.00254896	1.36E-02
0.000614	-0.000294312	0.000614	-0.00254896	0.000614	-0.00126059			0.000614	-0.00254896	1.36E-02
0.000616	-0.00158268	0.000616	-0.00254896	0.000616	-0.000616404			0.000616	-0.00254896	1.36E-02
0.000618	-0.000616404	0.000618	-0.00383733	0.000618	-0.00126059			0.000618	-0.00383733	1.36E-02
0.00062	0.00646963	0.00062	-0.00480361	0.00062	-0.000938497			0.00062	-0.00480361	1.36E-02
0.000622	0.000994059	0.000622	-0.00480361	0.000622	-0.000616404			0.000622	-0.00480361	1.36E-02
0.000624	0.000671966	0.000624	-0.00448152	0.000624	-0.000294312			0.000624	-0.00448152	1.36E-02
0.000626	0.00679173	0.000626	-0.0051257	0.000626	-0.000294312			0.000626	-0.0051257	1.36E-02
0.000628	0.00389289	0.000628	-0.00448152	0.000628	-0.000616404			0.000628	-0.00448152	1.36E-02
0.00063	2.78E-05	0.00063	-0.00448152	0.00063	-0.000294312			0.00063	-0.00448152	1.36E-02
0.000632	-0.000294312	0.000632	-0.00448152	0.000632	-0.000616404			0.000632	-0.00448152	1.36E-02
0.000634	0.00421499	0.000634	-0.00480361	0.000634	-0.000294312			0.000634	-0.00480361	1.36E-02
0.000636	0.00196034	0.000636	-0.00351524	0.000636	-0.000294312			0.000636	-0.00351524	1.36E-02
0.000638	-0.00126059	0.000638	-0.00319315	0.000638	-0.000616404			0.000638	-0.00319315	1.36E-02
0.00064	-0.000938497	0.00064	-0.00319315	0.00064	-0.000294312			0.00064	-0.00319315	1.36E-02
0.000642	0.00389289	0.000642	-0.00319315	0.000642	-0.000294312			0.000642	-0.00319315	1.36E-02
0.000644	-0.000294312	0.000644	-0.00190477	0.000644	-0.000616404			0.000644	-0.00190477	1.36E-02
0.000646	-0.00222687	0.000646	-0.00158268	0.000646	-0.000294312			0.000646	-0.00158268	1.36E-02
0.000648	0.00163824	0.000648	-0.00222687	0.000648	-0.000616404			0.000648	-0.00222687	1.36E-02
0.00065	0.000349874	0.00065	-0.00158268	0.00065	-0.000616404			0.00065	-0.00158268	1.36E-02
0.000652	-0.00448152	0.000652	-0.000938497	0.000652	-0.000294312			0.000652	-0.000938497	1.36E-02
0.000654	-0.00287105	0.000654	-0.000616404	0.000654	-0.000294312			0.000654	-0.000616404	1.36E-02
0.000656	-0.000938497	0.000656	-0.000294312	0.000656	-0.000616404			0.000656	-0.000294312	1.36E-02
0.000658	-0.00254896	0.000658	-0.00126059	0.000658	-0.000616404			0.000658	-0.00126059	1.36E-02
0.00066	-0.00415942	0.00066	-0.000616404	0.00066	-0.000616404			0.00066	-0.000616404	1.36E-02
0.000662	-0.00287105	0.000662	-0.000938497	0.000662	-0.000938497			0.000662	-0.000938497	1.36E-02
0.000664	0.00131615	0.000664	-0.00190477	0.000664	-0.000294312			0.000664	-0.00190477	1.36E-02
0.000666	-0.00222687	0.000666	-0.00126059	0.000666	-0.000938497			0.000666	-0.00126059	1.36E-02
0.000668	-0.00480361	0.000668	-0.00158268	0.000668	-0.000616404			0.000668	-0.00158268	1.36E-02
0.00067	0.00131615	0.00067	-0.00222687	0.00067	-0.000616404			0.00067	-0.00222687	1.36E-02
0.000672	-0.000938497	0.000672	-0.00190477	0.000672	-0.000616404			0.000672	-0.00190477	1.36E-02
0.000674	-0.00222687	0.000674	-0.00287105	0.000674	-0.000616404			0.000674	-0.00287105	1.36E-02
0.000676	-0.00287105	0.000676	-0.00319315	0.000676	-0.000616404			0.000676	-0.00319315	1.36E-02
0.000678	0.00324871	0.000678	-0.00319315	0.000678	-0.000294312			0.000678	-0.00319315	1.36E-02
0.00068	2.78E-05	0.00068	-0.00351524	0.00068	-0.000938497			0.00068	-0.00351524	1.36E-02
0.000682	-0.000616404	0.000682	-0.00351524	0.000682	-0.000938497			0.000682	-0.00351524	1.36E-02
0.000684	0.00260452	0.000684	-0.00351524	0.000684	-0.000616404			0.000684	-0.00351524	1.36E-02
0.000686	0.00292662	0.000686	-0.00383733	0.000686	-0.000938497			0.000686	-0.00383733	1.36E-02
0.000688	0.00163824	0.000688	-0.00383733	0.000688	-0.000938497			0.000688	-0.00383733	1.36E-02
0.00069	-0.00351524	0.00069	-0.00351524	0.00069	-0.000938497			0.00069	-0.00351524	1.36E-02
0.000692	0.00582545	0.000692	-0.00383733	0.000692	-0.000616404			0.000692	-0.00383733	1.36E-02
0.000694	0.00131615	0.000694	-0.00383733	0.000694	-0.000294312			0.000694	-0.00383733	1.36E-02
0.000696	0.000349874	0.000696	-0.00383733	0.000696	-0.000616404			0.000696	-0.00383733	1.36E-02
0.000698	2.78E-05	0.000698	-0.00351524	0.000698	-0.000294312			0.000698	-0.00351524	1.36E-02
0.0007	0.00196034	0.0007	-0.00319315	0.0007	-0.000294312			0.0007	-0.00319315	1.36E-02
0.000702	0.00292662	0.000702	-0.00287105	0.000702	-0.000294312			0.000702	-0.00287105	1.36E-02
0.000704	-0.00254896	0.000704	-0.00254896	0.000704	-0.000616404			0.000704	-0.00254896	1.36E-02
0.000706	0.000671966	0.000706	-0.00287105	0.000706	-0.000616404			0.000706	-0.00287105	1.36E-02
0.000708	0.000349874	0.000708	-0.00158268	0.000708	-0.000616404			0.000708	-0.00158268	1.36E-02
0.00071	-0.00254896	0.00071	-0.00190477	0.00071	-0.000294312			0.00071	-0.00190477	1.36E-02
0.000712	-0.00254896	0.000712	-0.00158268	0.000712	-0.000616404			0.000712	-0.00158268	1.36E-02
0.000714	0.000671966	0.000714	-0.00222687	0.000714	-0.000616404			0.000714	-0.00222687	1.36E-02
0.000716	0.00292662	0.000716	-0.00190477	0.000716	-0.000294312			0.000716	-0.00190477	1.36E-02
0.000718	-0.00351524	0.000718	-0.00190477	0.000718	-0.000294312			0.000718	-0.00190477	1.36E-02
0.00072	-0.00254896	0.00072	-0.00126059	0.00072	-0.000938497			0.00072	-0.00126059	1.36E-02
0.000722	2.78E-05	0.000722	-0.00190477	0.000722	-0.000938497			0.000722	-0.00190477	1.36E-02
0.000724	-0.00126059	0.000724	-0.00158268	0.000724	-0.000616404			0.000724	-0.00158268	1.36E-02
0.000726	-0.00158268	0.000726	-0.00190477	0.000726	-0.000616404			0.000726	-0.00190477	1.36E-02
0.000728	-0.000616404	0.000728	-0.00222687	0.000728	-0.000616404			0.000728	-0.00222687	1.36E-02
0.00073	0.00324871	0.00073	-0.00287105	0.00073	-0.000294312			0.00073	-0.00287105	1.36E-02
0.000732	-0.000938497	0.000732	-0.00222687	0.000732	-0.000294312			0.000732	-0.00222687	1.36E-02
0.000734	-0.00351524	0.000734	-0.00222687	0.000734	-0.000294312			0.000734	-0.00222687	1.36E-02
0.000736	0.00324871	0.000736	-0.00254896	0.000736	-0.000938497			0.000736	-0.00254896	1.36E-02
0.000738	-0.000294312	0.000738	-0.00222687	0.000738	-0.000938497			0.000738	-0.00222687	1.36E-02
0.00074	-0.00222687	0.00074	-0.00254896	0.00074	-0.000616404			0.00074	-0.00254896	1.36E-02
0.000742	0.000349874	0.000742	-0.00222687	0.000742	-0.000938497			0.000742	-0.00222687	1.36E-02
0.000744	0.00196034	0.000744	-0.00254896	0.000744	-0.000294312			0.000744	-0.00254896	1.36E-02
0.000746	0.000994059	0.000746	-0.00351524	0.000746	-0.000938497			0.000746	-0.00351524	1.36E-02
0.000748	-0.00319315	0.000748	-0.00287105	0.000748	-0.000938497			0.000748	-0.00287105	1.36E-02
0.00075	0.000994059	0.00075	-0.00415942	0.00075	2.78E-05			0.00075	-0.00415942	1.36E-02
0.000752	0.0035708	0.000752	-0.00383733	0.000752	-0.000938497			0.000752	-0.00383733	1.36E-02
0.000754	-0.00158268	0.000754	-0.00319315	0.000754	-0.000294312			0.000754	-0.00319315	1.36E-02
0.000756	-0.00190477	0.000756	-0.00319315	0.000756	-0.000616404			0.000756	-0.00319315	1.36E-02
0.000758	0.00196034	0.000758	-0.00319315	0.000758	-0.000938497			0.000758	-0.00319315	1.36E-02
0.00076	0.00389289	0.00076	-0.00287105	0.00076	-0.000294312			0.00076	-0.00287105	1.36E-02
0.000762	-0.00383733	0.000762	-0.00319315	0.000762	-0.000294312			0.000762	-0.00319315	1.36E-02
0.000764	0.000994059	0.000764	-0.00319315	0.000764	-0.00126059			0.000764	-0.00319315	1.36E-02
0.000766	0.00389289	0.000766	-0.00351524	0.000766	-0.000294312			0.000766	-0.00351524	1.36E-02
0.000768	0.00163824	0.000768	-0.00319315	0.000768	-0.000616404			0.000768	-0.00319315	1.36E-02
0.00077	-0.00126059	0.00077	-0.00254896	0.00077	-0.000294312			0.00077	-0.00254896	1.36E-02
0.000772	-0.000294312	0.000772	-0.00222687	0.000772	-0.000616404			0.000772	-0.00222687	1.36E-02
0.000774	0.00292662	0.000774	-0.00287105	0.000774	-0.000294312			0.000774	-0.00287105	1.36E-02
0.000776	-0.00319315	0.000776	-0.00254896	0.000776	-0.000294312			0.000776	-0.00254896	1.36E-02
0.000778	-0.000938497	0.000778	-0.00190477	0.000778	-0.000294312			0.000778	-0.00190477	1.36E-02
0.00078	0.00292662	0.00078	-0.00287105	0.00078	-0.000616404			0.00078	-0.00287105	1.36E-02
0.000782	0.00228243	0.000782	-0.00254896	0.000782	-0.000616404			0.000782	-0.00254896	1.36E-02
0.000784	-0.00190477	0.000784	-0.00158268	0.000784	-0.000938497			0.000784	-0.00158268	1.36E-02
0.000786	-0.00190477	0.000786	-0.00222687	0.000786	-0.000938497			0.000786	-0.00222687	1.36E-02
0.000788	0.00196034	0.000788	-0.00254896	0.000788	-0.000938497			0.000788	-0.00254896	1.36E-02
0.00079	-0.000938497	0.00079	-0.00158268	0.00079	-0.000294312			0.00079	-0.00158268	1.36E-02
0.000792	-0.00287105	0.000792	-0.00190477	0.000792	-0.000616404			0.000792	-0.00190477	1.36E-02
0.000794	0.00228243	0.000794	-0.00287105	0.000794	-0.000616404			0.000794	-0.00287105	1.36E-02
0.000796	0.000994059	0.000796	-0.00287105	0.000796	-0.000616404			0.000796	-0.00287105	1.36E-02
0.000798	2.78E-05	0.000798	-0.00190477	0.000798	-0.000294312			0.000798	-0.00190477	1.36E-02
0.0008	-0.00254896	0.0008	-0.00190477	0.0008	-0.000938497			0.0008	-0.00190477	1.36E-02
0.000802	0.00324871	0.000802	-0.00254896	0.000802	-0.000616404			0.000802	-0.00254896	1.36E-02
0.000804	0.000671966	0.000804	-0.00158268	0.000804	-0.000294312			0.000804	-0.00158268	1.36E-02
0.000806	-0.000938497	0.000806	-0.00254896	0.000806	-0.000616404			0.000806	-0.00254896	1.36E-02
0.000808	0.000349874	0.000808	-0.00254896	0.000808	-0.000616404			0.000808	-0.00254896	1.36E-02
0.00081	0.00196034	0.00081	-0.00319315	0.00081	-0.000938497			0.00081	-0.00319315	1.36E-02
0.000812	0.000994059	0.000812	-0.00287105	0.000812	-0.000294312			0.000812	-0.00287105	1.36E-02
0.000814	-0.00383733	0.000814	-0.00287105	0.000814	-0.000938497			0.000814	-0.00287105	1.36E-02
0.000816	0.000349874	0.000816	-0.00254896	0.000816	-0.000616404			0.000816	-0.00254896	1.36E-02
0.000818	0.00163824	0.000818	-0.00351524	0.000818	-0.000616404			0.000818	-0.00351524	1.36E-02
0.00082	-0.00287105	0.00082	-0.00287105	0.00082	-0.000938497			0.00082	-0.00287105	1.36E-02
0.000822	-0.00222687	0.000822	-0.00319315	0.000822	-0.000294312			0.000822	-0.00319315	1.36E-02
0.000824	0.00196034	0.000824	-0.00351524	0.000824	-0.000616404			0.000824	-0.00351524	1.36E-02
0.000826	0.00453708	0.000826	-0.00351524	0.000826	-0.000616404			0.000826	-0.00351524	1.36E-02
0.000828	-0.00190477	0.000828	-0.00319315	0.000828	-0.000616404			0.000828	-0.00319315	1.36E-02
0.00083	0.000994059	0.00083	-0.00351524	0.00083	2.78E-05			0.00083	-0.00351524	1.36E-02
0.000832	0.00485917	0.000832	-0.00319315	0.000832	-0.000616404			0.000832	-0.00319315	1.36E-02
0.000834	-0.00126059	0.000834	-0.00222687	0.000834	-0.000616404			0.000834	-0.00222687	1.36E-02
0.000836	-0.00319315	0.000836	-0.00190477	0.000836	-0.000294312			0.000836	-0.00190477	1.36E-02
0.000838	-0.00222687	0.000838	-0.00222687	0.000838	-0.000616404			0.000838	-0.00222687	1.36E-02
0.00084	0.00389289	0.00084	-0.00287105	0.00084	-0.000294312			0.00084	-0.00287105	1.36E-02
0.000842	-0.00351524	0.000842	-0.00190477	0.000842	-0.000294312			0.000842	-0.00190477	1.36E-02
0.000844	-0.00126059	0.000844	-0.00222687	0.000844	2.78E-05			0.000844	-0.00222687	1.36E-02
0.000846	-0.000616404	0.000846	-0.00190477	0.000846	-0.000294312			0.000846	-0.00190477	1.36E-02
0.000848	0.000671966	0.000848	-0.00190477	0.000848	-0.000294312			0.000848	-0.00190477	1.36E-02
0.00085	-0.00319315	0.00085	-0.00190477	0.00085	-0.000294312			0.00085	-0.00190477	1.36E-02
0.000852	-0.00126059	0.000852	-0.00158268	0.000852	-0.000294312			0.000852	-0.00158268	1.36E-02
0.000854	0.00292662	0.000854	-0.00222687	0.000854	-0.000294312			0.000854	-0.00222687	1.36E-02
0.000856	0.00131615	0.000856	-0.00222687	0.000856	-0.000616404			0.000856	-0.00222687	1.36E-02
0.000858	-0.00383733	0.000858	-0.00190477	0.000858	-0.000616404			0.000858	-0.00190477	1.36E-02
0.00086	0.000994059	0.00086	-0.00222687	0.00086	-0.000938497			0.00086	-0.00222687	1.36E-02
0.000862	2.78E-05	0.000862	-0.00158268	0.000862	-0.000616404			0.000862	-0.00158268	1.36E-02
0.000864	-0.00222687	0.000864	-0.00222687	0.000864	-0.000938497			0.000864	-0.00222687	1.36E-02
0.000866	-0.00190477	0.000866	-0.00222687	0.000866	-0.000616404			0.000866	-0.00222687	1.36E-02
0.000868	0.00324871	0.000868	-0.00287105	0.000868	-0.000294312			0.000868	-0.00287105	1.36E-02
0.00087	0.00163824	0.00087	-0.00287105	0.00087	-0.000616404			0.00087	-0.00287105	1.36E-02
0.000872	-0.00126059	0.000872	-0.00254896	0.000872	-0.00126059			0.000872	-0.00254896	1.36E-02
0.000874	0.000349874	0.000874	-0.00287105	0.000874	-0.000616404			0.000874	-0.00287105	1.36E-02
0.000876	0.00292662	0.000876	-0.00287105	0.000876	-0.000294312			0.000876	-0.00287105	1.36E-02
0.000878	-0.00222687	0.000878	-0.00254896	0.000878	-0.000294312			0.000878	-0.00254896	1.36E-02
0.00088	-0.00158268	0.00088	-0.00222687	0.00088	-0.000616404			0.00088	-0.00222687	1.36E-02
0.000882	0.00163824	0.000882	-0.00351524	0.000882	2.78E-05			0.000882	-0.00351524	1.36E-02
0.000884	0.00196034	0.000884	-0.00287105	0.000884	-0.000616404			0.000884	-0.00287105	1.36E-02
0.000886	-0.00254896	0.000886	-0.00254896	0.000886	-0.000616404			0.000886	-0.00254896	1.36E-02
0.000888	2.78E-05	0.000888	-0.00254896	0.000888	-0.000938497			0.000888	-0.00254896	1.36E-02
0.00089	0.000994059	0.00089	-0.00287105	0.00089	-0.000294312			0.00089	-0.00287105	1.36E-02
0.000892	0.000349874	0.000892	-0.00254896	0.000892	-0.000294312			0.000892	-0.00254896	1.36E-02
0.000894	-0.00287105	0.000894	-0.00287105	0.000894	-0.000294312			0.000894	-0.00287105	1.36E-02
0.000896	-0.00287105	0.000896	-0.00351524	0.000896	-0.000294312			0.000896	-0.00351524	1.36E-02
0.000898	0.00292662	0.000898	-0.00351524	0.000898	-0.000616404			0.000898	-0.00351524	1.36E-02
0.0009	2.78E-05	0.0009	-0.00254896	0.0009	-0.000938497			0.0009	-0.00254896	1.36E-02
0.000902	-0.00158268	0.000902	-0.00254896	0.000902	-0.000616404			0.000902	-0.00254896	1.36E-02
0.000904	2.78E-05	0.000904	-0.00254896	0.000904	-0.000938497			0.000904	-0.00254896	1.36E-02
0.000906	0.00131615	0.000906	-0.00287105	0.000906	-0.000938497			0.000906	-0.00287105	1.36E-02
0.000908	-0.00254896	0.000908	-0.00222687	0.000908	-0.000938497			0.000908	-0.00222687	1.36E-02
0.00091	-0.00448152	0.00091	-0.00222687	0.00091	-0.000294312			0.00091	-0.00222687	1.36E-02
0.000912	0.00292662	0.000912	-0.00287105	0.000912	-0.000616404			0.000912	-0.00287105	1.36E-02
0.000914	-0.000294312	0.000914	-0.00222687	0.000914	-0.000938497			0.000914	-0.00222687	1.36E-02
0.000916	-0.000938497	0.000916	-0.00254896	0.000916	-0.000938497			0.000916	-0.00254896	1.36E-02
0.000918	-0.000616404	0.000918	-0.00287105	0.000918	-0.000938497			0.000918	-0.00287105	1.36E-02
0.00092	0.00131615	0.00092	-0.00254896	0.00092	-0.000616404			0.00092	-0.00254896	1.36E-02
0.000922	-0.000294312	0.000922	-0.00222687	0.000922	-0.000616404			0.000922	-0.00222687	1.36E-02
0.000924	-0.00544779	0.000924	-0.00222687	0.000924	-0.000616404			0.000924	-0.00222687	1.36E-02
0.000926	0.000349874	0.000926	-0.00190477	0.000926	-0.000616404			0.000926	-0.00190477	1.36E-02
0.000928	0.000994059	0.000928	-0.00254896	0.000928	-0.000616404			0.000928	-0.00254896	1.36E-02
0.00093	-0.000294312	0.00093	-0.00222687	0.00093	-0.000616404			0.00093	-0.00222687	1.36E-02
0.000932	-0.00254896	0.000932	-0.00254896	0.000932	-0.000938497			0.000932	-0.00254896	1.36E-02
0.000934	0.000349874	0.000934	-0.00254896	0.000934	-0.000938497			0.000934	-0.00254896	1.36E-02
0.000936	0.00292662	0.000936	-0.00287105	0.000936	-0.000938497			0.000936	-0.00287105	1.36E-02
0.000938	-0.00480361	0.000938	-0.00254896	0.000938	-0.000938497			0.000938	-0.00254896	1.36E-02
0.00094	-0.000938497	0.00094	-0.00222687	0.00094	-0.000294312			0.00094	-0.00222687	1.36E-02
0.000942	0.00228243	0.000942	-0.00319315	0.000942	-0.000616404			0.000942	-0.00319315	1.36E-02
0.000944	-0.00158268	0.000944	-0.00254896	0.000944	-0.00126059			0.000944	-0.00254896	1.36E-02
0.000946	-0.00126059	0.000946	-0.00287105	0.000946	-0.000294312			0.000946	-0.00287105	1.36E-02
0.000948	-0.00126059	0.000948	-0.00287105	0.000948	-0.000938497			0.000948	-0.00287105	1.36E-02
0.00095	0.00582545	0.00095	-0.00287105	0.00095	-0.000938497			0.00095	-0.00287105	1.36E-02
0.000952	-0.00190477	0.000952	-0.00319315	0.000952	-0.000294312			0.000952	-0.00319315	1.36E-02
0.000954	-0.000938497	0.000954	-0.00319315	0.000954	-0.000938497			0.000954	-0.00319315	1.36E-02
0.000956	0.00228243	0.000956	-0.00351524	0.000956	-0.000616404			0.000956	-0.00351524	1.36E-02
0.000958	0.00292662	0.000958	-0.00319315	0.000958	-0.000616404			0.000958	-0.00319315	1.36E-02
0.00096	-0.00190477	0.00096	-0.00319315	0.00096	-0.000616404			0.00096	-0.00319315	1.36E-02
0.000962	-0.000294312	0.000962	-0.00287105	0.000962	-0.000938497			0.000962	-0.00287105	1.36E-02
0.000964	0.000994059	0.000964	-0.00319315	0.000964	-0.000616404			0.000964	-0.00319315	1.36E-02
0.000966	-0.00158268	0.000966	-0.00254896	0.000966	-0.000938497			0.000966	-0.00254896	1.36E-02
0.000968	-0.000938497	0.000968	-0.00254896	0.000968	-0.000616404			0.000968	-0.00254896	1.36E-02
0.00097	0.000671966	0.00097	-0.00319315	0.00097	-0.000616404			0.00097	-0.00319315	1.36E-02
0.000972	-0.000294312	0.000972	-0.00222687	0.000972	-0.000938497			0.000972	-0.00222687	1.36E-02
0.000974	-0.000938497	0.000974	-0.00190477	0.000974	2.78E-05			0.000974	-0.00190477	1.36E-02
0.000976	-0.00190477	0.000976	-0.00190477	0.000976	-0.000938497			0.000976	-0.00190477	1.36E-02
0.000978	0.00196034	0.000978	-0.00222687	0.000978	-0.000616404			0.000978	-0.00222687	1.36E-02
0.00098	0.00196034	0.00098	-0.00222687	0.00098	2.78E-05			0.00098	-0.00222687	1.36E-02
0.000982	-0.00190477	0.000982	-0.00222687	0.000982	-0.000294312			0.000982	-0.00222687	1.36E-02
0.000984	0.00131615	0.000984	-0.00222687	0.000984	-0.000938497			0.000984	-0.00222687	1.36E-02
0.000986	2.78E-05	0.000986	-0.00190477	0.000986	-0.000616404			0.000986	-0.00190477	1.36E-02
0.000988	-0.00158268	0.000988	-0.00190477	0.000988	-0.000938497			0.000988	-0.00190477	1.36E-02
0.00099	-0.000938497	0.00099	-0.00158268	0.00099	-0.000294312			0.00099	-0.00158268	1.36E-02
0.000992	0.000349874	0.000992	-0.00190477	0.000992	-0.00126059			0.000992	-0.00190477	1.36E-02
0.000994	0.00324871	0.000994	-0.00190477	0.000994	-0.000616404			0.000994	-0.00190477	1.36E-02
0.000996	-0.0051257	0.000996	-0.00190477	0.000996	-0.000938497			0.000996	-0.00190477	1.36E-02
0.000998	2.78E-05	0.000998	-0.00126059	0.000998	0.00131615			0.000998	-0.00126059	1.36E-02
