TimeV_S	AmplitudeV_S	TimeV_C	AmplitudeV_C	TimeV_R	AmplitudeV_R
0	3.87614	0	0.310847	0	0.328563
2.00E-06	4.68558	2.00E-06	0.397168	2.00E-06	0.502493
4.00E-06	4.38957	4.00E-06	0.488643	4.00E-06	0.669337
6.00E-06	4.07713	6.00E-06	0.603952	6.00E-06	0.825231
8.00E-06	3.74794	8.00E-06	0.755014	8.00E-06	0.963409
1.00E-05	3.37688	1.00E-05	0.898346	1.00E-05	0.847777
1.20E-05	-1.73959	1.20E-05	0.748894	1.20E-05	0.787224
1.40E-05	-1.79402	1.40E-05	0.877732	1.40E-05	0.71894
1.60E-05	-1.84491	1.60E-05	0.985956	1.60E-05	0.651622
1.80E-05	-1.86617	1.80E-05	1.09096	1.80E-05	0.580439
2.00E-05	-1.87068	2.00E-05	1.17052	2.00E-05	0.510223
2.20E-05	-1.86714	2.20E-05	1.23944	2.20E-05	0.440329
2.40E-05	-1.84491	2.40E-05	1.29356	2.40E-05	0.370435
2.60E-05	-1.8082	2.60E-05	1.338	2.60E-05	0.300218
2.80E-05	-1.75505	2.80E-05	1.35991	2.80E-05	0.232257
3.00E-05	-1.69868	3.00E-05	1.37633	3.00E-05	0.16655
3.20E-05	-1.6275	3.20E-05	1.3773	3.20E-05	0.105674
3.40E-05	-1.5415	3.40E-05	1.3686	3.40E-05	0.0431882
3.60E-05	-1.45712	3.60E-05	1.34767	3.60E-05	-0.0102792
3.80E-05	-1.36146	3.80E-05	1.31481	3.80E-05	-0.0666454
4.00E-05	-1.26032	4.00E-05	1.27487	4.00E-05	-0.115926
4.20E-05	-1.14952	4.20E-05	1.22559	4.20E-05	-0.163595
4.40E-05	-1.04387	4.40E-05	1.17052	4.40E-05	-0.202891
4.60E-05	-0.932751	4.60E-05	1.10932	4.60E-05	-0.240253
4.80E-05	-0.816798	4.80E-05	1.04136	4.80E-05	-0.275039
5.00E-05	-0.705999	5.00E-05	0.966952	5.00E-05	-0.301129
5.20E-05	-0.596165	5.20E-05	0.894481	5.20E-05	-0.324319
5.40E-05	-0.485688	5.40E-05	0.81589	5.40E-05	-0.344933
5.60E-05	-0.374566	5.60E-05	0.732468	5.60E-05	-0.361682
5.80E-05	-0.272462	5.80E-05	0.650334	5.80E-05	-0.37521
6.00E-05	-0.174868	6.00E-05	0.566267	6.00E-05	-0.381008
6.20E-05	-0.0759861	6.20E-05	0.484778	6.20E-05	-0.386161
6.40E-05	0.0167766	6.40E-05	0.402644	6.40E-05	-0.388094
6.60E-05	0.0972998	6.60E-05	0.321476	6.60E-05	-0.383584
6.80E-05	0.174924	6.80E-05	0.243208	6.80E-05	-0.380363
7.00E-05	0.252549	7.00E-05	0.167194	7.00E-05	-0.370701
7.20E-05	0.319544	7.20E-05	0.0950451	7.20E-05	-0.360072
7.40E-05	0.374944	7.40E-05	0.0257952	7.40E-05	-0.346544
7.60E-05	0.430666	7.60E-05	-0.0383012	7.60E-05	-0.330439
7.80E-05	0.47898	7.80E-05	-0.0994988	7.80E-05	-0.314657
8.00E-05	0.514088	8.00E-05	-0.156831	8.00E-05	-0.295331
8.20E-05	0.545653	8.20E-05	-0.206756	8.20E-05	-0.274395
8.40E-05	0.574964	8.40E-05	-0.252815	8.40E-05	-0.254103
8.60E-05	0.596222	8.60E-05	-0.295331	8.60E-05	-0.231557
8.80E-05	0.604274	8.80E-05	-0.332372	8.80E-05	-0.208688
9.00E-05	0.613615	9.00E-05	-0.364903	9.00E-05	-0.185498
9.20E-05	0.616836	9.20E-05	-0.391315	9.20E-05	-0.161341
9.40E-05	0.612005	9.40E-05	-0.412251	9.40E-05	-0.138794
9.60E-05	0.602342	9.60E-05	-0.43061	9.60E-05	-0.11657
9.80E-05	0.588492	9.80E-05	-0.444138	9.80E-05	-0.0924128
1.00E-04	0.577219	1.00E-04	-0.450257	1.00E-04	-0.0698663
0.000102	0.551773	0.000102	-0.454123	0.000102	-0.0486082
0.000104	0.527616	0.000104	-0.455411	0.000104	-0.0286385
0.000106	0.501849	0.000106	-0.45058	0.000106	-0.00802454
0.000108	0.471572	0.000108	-0.442849	0.000108	0.00969056
0.00011	0.438396	0.00011	-0.43222	0.00011	0.0274057
0.000112	0.402966	0.000112	-0.419659	0.000112	0.0428661
0.000114	0.371079	0.000114	-0.401944	0.000114	0.0573603
0.000116	0.33275	0.000116	-0.382618	0.000116	0.0712103
0.000118	0.29281	0.000118	-0.363937	0.000118	0.0824835
0.00012	0.260601	0.00012	-0.340746	0.00012	0.0940789
0.000122	0.226137	0.000122	-0.314657	0.000122	0.102775
0.000124	0.186197	0.000124	-0.290822	0.000124	0.108895
0.000126	0.145936	0.000126	-0.264732	0.000126	0.11727
0.000128	0.117592	0.000128	-0.237677	0.000128	0.121779
0.00013	0.0821614	0.00013	-0.210621	0.00013	0.125644
0.000132	0.0467312	0.000132	-0.183887	0.000132	0.127899
0.000134	0.0187092	0.000134	-0.155865	0.000134	0.129509
0.000136	-0.0102792	0.000136	-0.128809	0.000136	0.129509
0.000138	-0.0376571	0.000138	-0.102076	0.000138	0.128221
0.00014	-0.0672896	0.00014	-0.0766303	0.00014	0.12661
0.000142	-0.0885477	0.000142	-0.0518291	0.000142	0.122745
0.000144	-0.109162	0.000144	-0.0289606	0.000144	0.119524
0.000146	-0.129453	0.000146	-0.00673617	0.000146	0.114049
0.000148	-0.147169	0.000148	0.0138778	0.000148	0.108573
0.00015	-0.159086	0.00015	0.0341696	0.00015	0.102775
0.000152	-0.170681	0.000152	0.0515626	0.000152	0.0982661
0.000154	-0.186464	0.000154	0.0686335	0.000154	0.09118
0.000156	-0.191295	0.000156	0.0828056	0.000156	0.084094
0.000158	-0.196127	0.000158	0.0963335	0.000158	0.0757196
0.00016	-0.201602	0.00016	0.108251	0.00016	0.0689556
0.000162	-0.205789	0.000162	0.118236	0.000162	0.0612254
0.000164	-0.201924	0.000164	0.127254	0.000164	0.0541394
0.000166	-0.199025	0.000166	0.133696	0.000166	0.0451208
0.000168	-0.199992	0.000168	0.138528	0.000168	0.0377126
0.00017	-0.194516	0.00017	0.142393	0.00017	0.0306266
0.000172	-0.184209	0.000172	0.14497	0.000172	0.0238626
0.000174	-0.182599	0.000174	0.145614	0.000174	0.0174208
0.000176	-0.172936	0.000176	0.145292	0.000176	0.00969056
0.000178	-0.164884	0.000178	0.143681	0.000178	0.0035708
0.00018	-0.152	0.00018	0.141104	0.00018	-0.000938497
0.000182	-0.142981	0.000182	0.136917	0.000182	-0.00770244
0.000184	-0.133319	0.000184	0.132408	0.000184	-0.0125338
0.000186	-0.118502	0.000186	0.126932	0.000186	-0.0192978
0.000188	-0.105619	0.000188	0.12049	0.000188	-0.0209082
0.00019	-0.0978884	0.00019	0.113082	0.00019	-0.0250954
0.000192	-0.0856489	0.000192	0.105674	0.000192	-0.0286385
0.000194	-0.0695442	0.000194	0.097944	0.000194	-0.0321815
0.000196	-0.0592373	0.000196	0.0892475	0.000196	-0.0344361
0.000198	-0.0511849	0.000198	0.0808731	0.000198	-0.0357245
0.0002	-0.0354024	0.0002	0.0721766	0.0002	-0.0366908
0.000202	-0.023485	0.000202	0.063158	0.000202	-0.0395896
0.000204	-0.0180094	0.000204	0.0544614	0.000204	-0.0399117
0.000206	-0.00641407	0.000206	0.0457649	0.000206	-0.0389454
0.000208	0.00582545	0.000208	0.0357801	0.000208	-0.0392675
0.00021	0.0158103	0.00021	0.0274057	0.00021	-0.0395896
0.000212	0.018065	0.000212	0.0190312	0.000212	-0.0379792
0.000214	0.0280498	0.000214	0.011301	0.000214	-0.0383012
0.000216	0.0373905	0.000216	0.00324871	0.000216	-0.0360466
0.000218	0.0393231	0.000218	-0.00415942	0.000218	-0.0350803
0.00022	0.0444766	0.00022	-0.0106013	0.00022	-0.0318594
0.000222	0.0551056	0.000222	-0.0170431	0.000222	-0.030571
0.000224	0.0573603	0.000224	-0.0225187	0.000224	-0.0279943
0.000226	0.0576824	0.000226	-0.0276722	0.000226	-0.0263838
0.000228	0.0583266	0.000228	-0.0328257	0.000228	-0.0221966
0.00023	0.066701	0.00023	-0.0366908	0.00023	-0.0225187
0.000232	0.0644463	0.000232	-0.0405559	0.000232	-0.0192978
0.000234	0.063158	0.000234	-0.0437768	0.000234	-0.0151106
0.000236	0.0647684	0.000236	-0.0460315	0.000236	-0.0135001
0.000238	0.0657347	0.000238	-0.047964	0.000238	-0.0112455
0.00024	0.0628359	0.00024	-0.0498966	0.00024	-0.00899081
0.000242	0.0592928	0.000242	-0.0508629	0.000242	-0.00673617
0.000244	0.0602591	0.000244	-0.0511849	0.000244	-0.00351524
0.000246	0.0583266	0.000246	-0.051507	0.000246	-0.00126059
0.000248	0.0534952	0.000248	-0.0511849	0.000248	0.000994059
0.00025	0.0476975	0.00025	-0.0505408	0.00025	0.00260452
0.000252	0.0502742	0.000252	-0.0495745	0.000252	0.00421499
0.000254	0.0435103	0.000254	-0.0482861	0.000254	0.0080801
0.000256	0.039001	0.000256	-0.0463536	0.000256	0.00743591
0.000258	0.0383568	0.000258	-0.0447431	0.000258	0.00904638
0.00026	0.0335254	0.00026	-0.0424884	0.00026	0.0100127
0.000262	0.0296603	0.000262	-0.0399117	0.000262	0.011301
0.000264	0.0222522	0.000264	-0.0376571	0.000264	0.0129115
0.000266	0.0238626	0.000266	-0.0350803	0.000266	0.0135557
0.000268	0.014844	0.000268	-0.0321815	0.000268	0.0141999
0.00027	0.00904638	0.00027	-0.0299268	0.00027	0.0151661
0.000272	0.00840219	0.000272	-0.027028	0.000272	0.0154882
0.000274	0.00711382	0.000274	-0.023485	0.000274	0.0154882
0.000276	0.00260452	0.000276	-0.0202641	0.000276	0.0158103
0.000278	-0.00383733	0.000278	-0.0170431	0.000278	0.0167766
0.00028	-0.00287105	0.00028	-0.0144664	0.00028	0.0164545
0.000282	-0.00576989	0.000282	-0.0112455	0.000282	0.0154882
0.000284	-0.013178	0.000284	-0.00899081	0.000284	0.0167766
0.000286	-0.0109234	0.000286	-0.00609198	0.000286	0.014844
0.000288	-0.0128559	0.000288	-0.00383733	0.000288	0.014522
0.00029	-0.0144664	0.00029	-0.000938497	0.00029	0.014844
0.000292	-0.0209082	0.000292	0.000349874	0.000292	0.0135557
0.000294	-0.0183315	0.000294	0.00260452	0.000294	0.0116231
0.000296	-0.0202641	0.000296	0.00421499	0.000296	0.0109789
0.000298	-0.0231629	0.000298	0.00614754	0.000298	0.0106568
0.0003	-0.0238071	0.0003	0.00775801	0.0003	0.00969056
0.000302	-0.0215524	0.000302	0.00872428	0.000302	0.00872428
0.000304	-0.0189757	0.000304	0.0103347	0.000304	0.00775801
0.000306	-0.0267059	0.000306	0.0109789	0.000306	0.00711382
0.000308	-0.0254175	0.000308	0.0116231	0.000308	0.0080801
0.00031	-0.0192978	0.00031	0.0125894	0.00031	0.00614754
0.000312	-0.0215524	0.000312	0.0135557	0.000312	0.00485917
0.000314	-0.023485	0.000314	0.0132336	0.000314	0.00421499
0.000316	-0.019942	0.000316	0.0135557	0.000316	0.00421499
0.000318	-0.016721	0.000318	0.0132336	0.000318	0.00389289
0.00032	-0.0192978	0.00032	0.0135557	0.00032	0.00292662
0.000322	-0.0183315	0.000322	0.0135557	0.000322	0.00196034
0.000324	-0.0141443	0.000324	0.0129115	0.000324	0.000994059
0.000326	-0.0151106	0.000326	0.0122673	0.000326	2.78E-05
0.000328	-0.016721	0.000328	0.0119452	0.000328	-0.000294312
0.00033	-0.013178	0.00033	0.011301	0.00033	-0.000616404
0.000332	-0.00899081	0.000332	0.0103347	0.000332	-0.000938497
0.000334	-0.0122117	0.000334	0.0100127	0.000334	-0.000616404
0.000336	-0.0112455	0.000336	0.00872428	0.000336	-0.00287105
0.000338	-0.00480361	0.000338	0.00775801	0.000338	-0.000938497
0.00034	-0.0051257	0.00034	0.00711382	0.00034	-0.00158268
0.000342	-0.00802454	0.000342	0.00614754	0.000342	-0.00287105
0.000344	-0.00641407	0.000344	0.00485917	0.000344	-0.00222687
0.000346	-0.000616404	0.000346	0.00453708	0.000346	-0.00287105
0.000348	-0.00158268	0.000348	0.00324871	0.000348	-0.00222687
0.00035	-0.00254896	0.00035	0.00228243	0.00035	-0.00190477
0.000352	-0.000294312	0.000352	0.00196034	0.000352	-0.00222687
0.000354	0.00163824	0.000354	2.78E-05	0.000354	-0.00190477
0.000356	-0.00126059	0.000356	-0.000294312	0.000356	-0.00126059
0.000358	0.00131615	0.000358	-0.00126059	0.000358	-0.000938497
0.00036	0.00389289	0.00036	-0.00254896	0.00036	-0.00254896
0.000362	0.00485917	0.000362	-0.00319315	0.000362	-0.00126059
0.000364	0.00260452	0.000364	-0.00351524	0.000364	-0.000938497
0.000366	0.00324871	0.000366	-0.00480361	0.000366	-0.000294312
0.000368	0.00614754	0.000368	-0.00576989	0.000368	-0.00126059
0.00037	0.00324871	0.00037	-0.00609198	0.00037	-0.000616404
0.000372	0.00228243	0.000372	-0.00641407	0.000372	-0.000294312
0.000374	0.00550336	0.000374	-0.00641407	0.000374	0.000349874
0.000376	0.00743591	0.000376	-0.00673617	0.000376	2.78E-05
0.000378	0.00518126	0.000378	-0.00770244	0.000378	0.000349874
0.00038	0.00292662	0.00038	-0.00770244	0.00038	0.00131615
0.000382	0.00614754	0.000382	-0.00770244	0.000382	0.00131615
0.000384	0.00582545	0.000384	-0.00802454	0.000384	0.000671966
0.000386	0.00453708	0.000386	-0.00802454	0.000386	0.000994059
0.000388	0.00324871	0.000388	-0.00802454	0.000388	0.00228243
0.00039	0.00646963	0.00039	-0.00802454	0.00039	0.00292662
0.000392	0.0035708	0.000392	-0.00834663	0.000392	0.00260452
0.000394	0.00260452	0.000394	-0.00802454	0.000394	0.00163824
0.000396	0.00518126	0.000396	-0.00834663	0.000396	0.00292662
0.000398	0.0035708	0.000398	-0.00738035	0.000398	0.0035708
0.0004	-0.000616404	0.0004	-0.00705826	0.0004	0.00292662
0.000402	2.78E-05	0.000402	-0.00641407	0.000402	0.00389289
0.000404	0.00518126	0.000404	-0.00673617	0.000404	0.00453708
0.000406	0.00131615	0.000406	-0.00705826	0.000406	0.00389289
0.000408	-0.00126059	0.000408	-0.00673617	0.000408	0.00324871
0.00041	0.00131615	0.00041	-0.00576989	0.00041	0.00324871
0.000412	0.00324871	0.000412	-0.00544779	0.000412	0.00389289
0.000414	0.000349874	0.000414	-0.00480361	0.000414	0.0035708
0.000416	-0.00287105	0.000416	-0.00480361	0.000416	0.00389289
0.000418	0.000994059	0.000418	-0.00480361	0.000418	0.00421499
0.00042	0.000671966	0.00042	-0.00448152	0.00042	0.00421499
0.000422	-0.00287105	0.000422	-0.00351524	0.000422	0.00389289
0.000424	-0.000938497	0.000424	-0.00351524	0.000424	0.00389289
0.000426	-0.00190477	0.000426	-0.00351524	0.000426	0.0035708
0.000428	-0.00158268	0.000428	-0.00222687	0.000428	0.00324871
0.00043	-0.00415942	0.00043	-0.00254896	0.00043	0.00324871
0.000432	-0.000616404	0.000432	-0.00158268	0.000432	0.00324871
0.000434	-0.00158268	0.000434	-0.00158268	0.000434	0.00292662
0.000436	-0.00641407	0.000436	-0.00190477	0.000436	0.00421499
0.000438	-0.0051257	0.000438	-0.00158268	0.000438	0.0035708
0.00044	-0.000616404	0.00044	-0.00190477	0.00044	0.00389289
0.000442	-0.00222687	0.000442	-0.00126059	0.000442	0.00389289
0.000444	-0.00705826	0.000444	-0.000938497	0.000444	0.00324871
0.000446	-0.00383733	0.000446	-0.000938497	0.000446	0.00324871
0.000448	-0.00190477	0.000448	-0.000938497	0.000448	0.00292662
0.00045	-0.00576989	0.00045	-0.000616404	0.00045	0.00324871
0.000452	-0.00738035	0.000452	-0.000938497	0.000452	0.00292662
0.000454	-0.00448152	0.000454	-0.000294312	0.000454	0.00324871
0.000456	2.78E-05	0.000456	2.78E-05	0.000456	0.00260452
0.000458	-0.00673617	0.000458	-0.000616404	0.000458	0.00163824
0.00046	-0.0051257	0.00046	-0.000294312	0.00046	0.00163824
0.000462	-0.00287105	0.000462	2.78E-05	0.000462	0.00324871
0.000464	-0.00126059	0.000464	0.000349874	0.000464	0.00260452
0.000466	-0.00673617	0.000466	-0.000616404	0.000466	0.00389289
0.000468	-0.00480361	0.000468	-0.000294312	0.000468	0.00260452
0.00047	0.000994059	0.00047	-0.00126059	0.00047	0.00228243
0.000472	-0.00415942	0.000472	-0.000616404	0.000472	0.00228243
0.000474	-0.00544779	0.000474	-0.000938497	0.000474	0.00292662
0.000476	-0.000938497	0.000476	-0.000938497	0.000476	0.00324871
0.000478	-0.00158268	0.000478	-0.000616404	0.000478	0.00228243
0.00048	-0.00351524	0.00048	-0.00126059	0.00048	0.00260452
0.000482	-0.00287105	0.000482	-0.00126059	0.000482	0.00196034
0.000484	0.000349874	0.000484	-0.000616404	0.000484	0.00131615
0.000486	-0.00222687	0.000486	-0.000938497	0.000486	0.00131615
0.000488	-0.0051257	0.000488	-0.00190477	0.000488	0.00163824
0.00049	-0.00158268	0.00049	-0.00190477	0.00049	0.00196034
0.000492	0.00260452	0.000492	-0.00190477	0.000492	0.00260452
0.000494	-0.00190477	0.000494	-0.00126059	0.000494	0.00260452
0.000496	-0.00383733	0.000496	-0.00222687	0.000496	0.00228243
0.000498	0.00196034	0.000498	-0.00254896	0.000498	0.00292662
0.0005	0.000671966	0.0005	-0.00287105	0.0005	0.00228243
0.000502	-0.00222687	0.000502	-0.00222687	0.000502	0.00292662
0.000504	-0.000938497	0.000504	-0.00222687	0.000504	0.00228243
0.000506	0.000671966	0.000506	-0.00222687	0.000506	0.00292662
0.000508	-0.00287105	0.000508	-0.00254896	0.000508	0.00228243
0.00051	-0.00126059	0.00051	-0.00254896	0.00051	0.00228243
0.000512	2.78E-05	0.000512	-0.00287105	0.000512	0.00131615
0.000514	0.000671966	0.000514	-0.00287105	0.000514	0.00228243
0.000516	-0.00415942	0.000516	-0.00254896	0.000516	0.00292662
0.000518	2.78E-05	0.000518	-0.00222687	0.000518	0.00292662
0.00052	0.00131615	0.00052	-0.00351524	0.00052	0.00228243
0.000522	-0.00158268	0.000522	-0.00287105	0.000522	0.00228243
0.000524	-0.00158268	0.000524	-0.00254896	0.000524	0.00228243
0.000526	-0.000294312	0.000526	-0.00287105	0.000526	0.00196034
0.000528	0.000349874	0.000528	-0.00254896	0.000528	0.00228243
0.00053	-0.00158268	0.00053	-0.00287105	0.00053	0.00228243
0.000532	-0.00158268	0.000532	-0.00254896	0.000532	0.00292662
0.000534	0.000994059	0.000534	-0.00319315	0.000534	0.00292662
0.000536	-0.000938497	0.000536	-0.00287105	0.000536	0.00292662
0.000538	-0.00222687	0.000538	-0.00287105	0.000538	0.00260452
0.00054	-0.00254896	0.00054	-0.00222687	0.00054	0.00228243
0.000542	0.00196034	0.000542	-0.00319315	0.000542	0.00163824
0.000544	-0.00287105	0.000544	-0.00287105	0.000544	0.00196034
0.000546	-0.00287105	0.000546	-0.00222687	0.000546	0.00196034
0.000548	0.00131615	0.000548	-0.00319315	0.000548	0.00260452
0.00055	-0.000294312	0.00055	-0.00254896	0.00055	0.00324871
0.000552	-0.00126059	0.000552	-0.00222687	0.000552	0.00292662
0.000554	-0.0051257	0.000554	-0.00254896	0.000554	0.00228243
0.000556	0.000349874	0.000556	-0.00222687	0.000556	0.00196034
0.000558	-0.000294312	0.000558	-0.00190477	0.000558	0.00260452
0.00056	-0.00190477	0.00056	-0.00222687	0.00056	0.00260452
0.000562	-0.00254896	0.000562	-0.00222687	0.000562	0.00260452
0.000564	0.00131615	0.000564	-0.00287105	0.000564	0.00260452
0.000566	-0.000294312	0.000566	-0.00222687	0.000566	0.0035708
0.000568	-0.0051257	0.000568	-0.00222687	0.000568	0.00292662
0.00057	-0.000938497	0.00057	-0.00222687	0.00057	0.00228243
0.000572	-0.000294312	0.000572	-0.00190477	0.000572	0.00260452
0.000574	-0.00383733	0.000574	-0.00190477	0.000574	0.00324871
0.000576	-0.000938497	0.000576	-0.00222687	0.000576	0.00292662
0.000578	0.00131615	0.000578	-0.00254896	0.000578	0.00228243
0.00058	0.00260452	0.00058	-0.00190477	0.00058	0.00260452
0.000582	-0.00448152	0.000582	-0.00190477	0.000582	0.00292662
0.000584	2.78E-05	0.000584	-0.00190477	0.000584	0.00292662
0.000586	0.000994059	0.000586	-0.00287105	0.000586	0.00196034
0.000588	-0.00448152	0.000588	-0.00190477	0.000588	0.00292662
0.00059	-0.00158268	0.00059	-0.00190477	0.00059	0.0035708
0.000592	-0.000616404	0.000592	-0.00222687	0.000592	0.00260452
0.000594	0.00131615	0.000594	-0.00254896	0.000594	0.00260452
0.000596	-0.00576989	0.000596	-0.00287105	0.000596	0.00324871
0.000598	-0.00287105	0.000598	-0.00158268	0.000598	0.00260452
0.0006	-0.00222687	0.0006	-0.00190477	0.0006	0.00324871
0.000602	-0.00319315	0.000602	-0.00222687	0.000602	0.00260452
0.000604	-0.00415942	0.000604	-0.00190477	0.000604	0.000994059
0.000606	-0.00158268	0.000606	-0.00126059	0.000606	0.00260452
0.000608	0.00260452	0.000608	-0.00287105	0.000608	0.00292662
0.00061	-0.00351524	0.00061	-0.00190477	0.00061	0.00196034
0.000612	-0.00158268	0.000612	-0.00158268	0.000612	0.00228243
0.000614	-0.000938497	0.000614	-0.00190477	0.000614	0.00324871
0.000616	-0.000616404	0.000616	-0.00190477	0.000616	0.00228243
0.000618	-0.00448152	0.000618	-0.00254896	0.000618	0.00260452
0.00062	-0.00254896	0.00062	-0.00190477	0.00062	0.00292662
0.000622	0.00228243	0.000622	-0.00287105	0.000622	0.00228243
0.000624	-0.00222687	0.000624	-0.00254896	0.000624	0.00228243
0.000626	-0.00319315	0.000626	-0.00222687	0.000626	0.00260452
0.000628	-0.00126059	0.000628	-0.00222687	0.000628	0.00292662
0.00063	-0.000616404	0.00063	-0.00190477	0.00063	0.00196034
0.000632	-0.00448152	0.000632	-0.00190477	0.000632	0.00228243
0.000634	-0.00448152	0.000634	-0.00222687	0.000634	0.00292662
0.000636	0.000994059	0.000636	-0.00287105	0.000636	0.00324871
0.000638	-0.00287105	0.000638	-0.00190477	0.000638	0.00292662
0.00064	-0.00544779	0.00064	-0.00287105	0.00064	0.00260452
0.000642	-0.00222687	0.000642	-0.00254896	0.000642	0.00324871
0.000644	-0.00190477	0.000644	-0.00222687	0.000644	0.00292662
0.000646	-0.00222687	0.000646	-0.00158268	0.000646	0.00260452
0.000648	-0.00126059	0.000648	-0.00222687	0.000648	0.00228243
0.00065	0.000671966	0.00065	-0.00287105	0.00065	0.00228243
0.000652	0.000671966	0.000652	-0.00287105	0.000652	0.00260452
0.000654	-0.00415942	0.000654	-0.00222687	0.000654	0.00260452
0.000656	-0.000294312	0.000656	-0.00254896	0.000656	0.00324871
0.000658	0.00131615	0.000658	-0.00319315	0.000658	0.00292662
0.00066	-0.00190477	0.00066	-0.00190477	0.00066	0.0035708
0.000662	-0.00190477	0.000662	-0.00254896	0.000662	0.00260452
0.000664	-0.00126059	0.000664	-0.00254896	0.000664	0.0035708
0.000666	-0.000938497	0.000666	-0.00222687	0.000666	0.00196034
0.000668	-0.00287105	0.000668	-0.00254896	0.000668	0.00260452
0.00067	-0.000938497	0.00067	-0.00222687	0.00067	0.00163824
0.000672	0.00131615	0.000672	-0.00319315	0.000672	0.00292662
0.000674	-0.00190477	0.000674	-0.00287105	0.000674	0.00196034
0.000676	-0.00351524	0.000676	-0.00254896	0.000676	0.00131615
0.000678	-0.00222687	0.000678	-0.00222687	0.000678	0.00292662
0.00068	0.00228243	0.00068	-0.00351524	0.00068	0.00324871
0.000682	-0.00448152	0.000682	-0.00254896	0.000682	0.00196034
0.000684	-0.00158268	0.000684	-0.00254896	0.000684	0.00260452
0.000686	0.000349874	0.000686	-0.00222687	0.000686	0.00324871
0.000688	-0.00158268	0.000688	-0.00254896	0.000688	0.00196034
0.00069	-0.00351524	0.00069	-0.00254896	0.00069	0.00292662
0.000692	-0.0051257	0.000692	-0.00287105	0.000692	0.00260452
0.000694	0.0035708	0.000694	-0.00287105	0.000694	0.00260452
0.000696	-0.00254896	0.000696	-0.00319315	0.000696	0.00163824
0.000698	-0.000294312	0.000698	-0.00254896	0.000698	0.00260452
0.0007	2.78E-05	0.0007	-0.00222687	0.0007	0.00324871
0.000702	-0.000616404	0.000702	-0.00254896	0.000702	0.00228243
0.000704	-0.00254896	0.000704	-0.00287105	0.000704	0.00292662
0.000706	-0.00287105	0.000706	-0.00254896	0.000706	0.00260452
0.000708	0.00196034	0.000708	-0.00319315	0.000708	0.00228243
0.00071	-0.00158268	0.00071	-0.00222687	0.00071	0.00260452
0.000712	-0.00319315	0.000712	-0.00222687	0.000712	0.00260452
0.000714	-0.000938497	0.000714	-0.00222687	0.000714	0.00163824
0.000716	0.000994059	0.000716	-0.00319315	0.000716	0.00228243
0.000718	2.78E-05	0.000718	-0.00222687	0.000718	0.00228243
0.00072	-0.00673617	0.00072	-0.00254896	0.00072	0.00260452
0.000722	0.00131615	0.000722	-0.00319315	0.000722	0.00324871
0.000724	-0.000938497	0.000724	-0.00222687	0.000724	0.00292662
0.000726	-0.00254896	0.000726	-0.00254896	0.000726	0.00260452
0.000728	-0.00254896	0.000728	-0.00254896	0.000728	0.00228243
0.00073	0.00163824	0.00073	-0.00254896	0.00073	0.00196034
0.000732	0.000994059	0.000732	-0.00287105	0.000732	0.00389289
0.000734	-0.00383733	0.000734	-0.00190477	0.000734	0.00260452
0.000736	-0.00287105	0.000736	-0.00190477	0.000736	0.00228243
0.000738	-0.000294312	0.000738	-0.00190477	0.000738	0.00228243
0.00074	-0.00222687	0.00074	-0.00222687	0.00074	0.00196034
0.000742	-0.00351524	0.000742	-0.00254896	0.000742	0.00292662
0.000744	-0.000938497	0.000744	-0.00222687	0.000744	0.00292662
0.000746	-0.000938497	0.000746	-0.00158268	0.000746	0.00389289
0.000748	-0.00319315	0.000748	-0.00222687	0.000748	0.00196034
0.00075	-0.000938497	0.00075	-0.00158268	0.00075	0.00324871
0.000752	0.000671966	0.000752	-0.00254896	0.000752	0.00292662
0.000754	0.00131615	0.000754	-0.00222687	0.000754	0.00292662
0.000756	-0.00351524	0.000756	-0.00158268	0.000756	0.00292662
0.000758	-0.00254896	0.000758	-0.00222687	0.000758	0.00292662
0.00076	0.000349874	0.00076	-0.00190477	0.00076	0.00163824
0.000762	-0.00383733	0.000762	-0.00254896	0.000762	0.00260452
0.000764	-0.00319315	0.000764	-0.00190477	0.000764	0.00389289
0.000766	0.00421499	0.000766	-0.00254896	0.000766	0.00228243
0.000768	-0.000938497	0.000768	-0.00190477	0.000768	0.00292662
0.00077	-0.00415942	0.00077	-0.00190477	0.00077	0.00292662
0.000772	-0.000938497	0.000772	-0.00222687	0.000772	0.00228243
0.000774	0.000994059	0.000774	-0.00254896	0.000774	0.00324871
0.000776	-0.00126059	0.000776	-0.00222687	0.000776	0.00260452
0.000778	-0.00287105	0.000778	-0.00222687	0.000778	0.00228243
0.00078	2.78E-05	0.00078	-0.00190477	0.00078	0.00228243
0.000782	0.00131615	0.000782	-0.00287105	0.000782	0.00324871
0.000784	-0.00415942	0.000784	-0.00190477	0.000784	0.00228243
0.000786	-0.00254896	0.000786	-0.00190477	0.000786	0.00260452
0.000788	-0.000294312	0.000788	-0.00190477	0.000788	0.00324871
0.00079	-0.00158268	0.00079	-0.00222687	0.00079	0.00228243
0.000792	-0.00190477	0.000792	-0.00222687	0.000792	0.00196034
0.000794	-0.00126059	0.000794	-0.00254896	0.000794	0.00228243
0.000796	-0.000616404	0.000796	-0.00158268	0.000796	0.00324871
0.000798	-0.00190477	0.000798	-0.00222687	0.000798	0.00292662
0.0008	-0.00351524	0.0008	-0.00222687	0.0008	0.00196034
0.000802	0.000994059	0.000802	-0.00287105	0.000802	0.00163824
0.000804	0.00163824	0.000804	-0.00254896	0.000804	0.00324871
0.000806	-0.00383733	0.000806	-0.00190477	0.000806	0.00324871
0.000808	-0.00190477	0.000808	-0.00222687	0.000808	0.00196034
0.00081	0.00196034	0.00081	-0.00287105	0.00081	0.00228243
0.000812	-0.000294312	0.000812	-0.00222687	0.000812	0.00292662
0.000814	-0.00351524	0.000814	-0.00254896	0.000814	0.00196034
0.000816	-0.00126059	0.000816	-0.00254896	0.000816	0.00196034
0.000818	0.000671966	0.000818	-0.00319315	0.000818	0.00196034
0.00082	-0.00254896	0.00082	-0.00222687	0.00082	0.00292662
0.000822	-0.00351524	0.000822	-0.00158268	0.000822	0.00228243
0.000824	0.000349874	0.000824	-0.00287105	0.000824	0.00196034
0.000826	-0.00222687	0.000826	-0.00222687	0.000826	0.00324871
0.000828	-0.00222687	0.000828	-0.00222687	0.000828	0.00196034
0.00083	-0.00287105	0.00083	-0.00222687	0.00083	0.00292662
0.000832	0.00163824	0.000832	-0.00319315	0.000832	0.00131615
0.000834	-0.00254896	0.000834	-0.00222687	0.000834	0.00324871
0.000836	-0.00319315	0.000836	-0.00254896	0.000836	0.00292662
0.000838	0.000349874	0.000838	-0.00222687	0.000838	0.00260452
0.00084	2.78E-05	0.00084	-0.00222687	0.00084	0.00131615
0.000842	-0.00254896	0.000842	-0.00254896	0.000842	0.00196034
0.000844	-0.00576989	0.000844	-0.00254896	0.000844	0.00196034
0.000846	0.000349874	0.000846	-0.00222687	0.000846	0.00196034
0.000848	-0.000938497	0.000848	-0.00287105	0.000848	0.00260452
0.00085	-0.00415942	0.00085	-0.00222687	0.00085	0.00389289
0.000852	-0.00287105	0.000852	-0.00254896	0.000852	0.00292662
0.000854	0.00131615	0.000854	-0.00319315	0.000854	0.00228243
0.000856	-0.00158268	0.000856	-0.00287105	0.000856	0.00292662
0.000858	-0.00415942	0.000858	-0.00254896	0.000858	0.00260452
0.00086	-0.000938497	0.00086	-0.00222687	0.00086	0.00196034
0.000862	2.78E-05	0.000862	-0.00254896	0.000862	0.00260452
0.000864	-0.00448152	0.000864	-0.00287105	0.000864	0.00228243
0.000866	-0.000616404	0.000866	-0.00222687	0.000866	0.00228243
0.000868	0.000994059	0.000868	-0.00222687	0.000868	0.00260452
0.00087	0.000349874	0.00087	-0.00254896	0.00087	0.00228243
0.000872	-0.00448152	0.000872	-0.00287105	0.000872	0.00292662
0.000874	0.000671966	0.000874	-0.00222687	0.000874	0.00260452
0.000876	-0.000294312	0.000876	-0.00254896	0.000876	0.00292662
0.000878	-0.00319315	0.000878	-0.00254896	0.000878	0.00228243
0.00088	-0.00383733	0.00088	-0.00287105	0.00088	0.00260452
0.000882	-0.00158268	0.000882	-0.00254896	0.000882	0.00228243
0.000884	0.00196034	0.000884	-0.00287105	0.000884	0.00292662
0.000886	-0.00415942	0.000886	-0.00254896	0.000886	0.00228243
0.000888	-0.00222687	0.000888	-0.00190477	0.000888	0.00196034
0.00089	0.00131615	0.00089	-0.00287105	0.00089	0.00292662
0.000892	-0.00222687	0.000892	-0.00222687	0.000892	0.00260452
0.000894	-0.00158268	0.000894	-0.00222687	0.000894	0.00260452
0.000896	0.000349874	0.000896	-0.00190477	0.000896	0.00228243
0.000898	0.00196034	0.000898	-0.00319315	0.000898	0.00228243
0.0009	-0.00351524	0.0009	-0.00254896	0.0009	0.00324871
0.000902	-0.00254896	0.000902	-0.00319315	0.000902	0.00260452
0.000904	-0.000616404	0.000904	-0.00254896	0.000904	0.00292662
0.000906	-0.00126059	0.000906	-0.00222687	0.000906	0.00260452
0.000908	-0.00254896	0.000908	-0.00222687	0.000908	0.00324871
0.00091	-0.00222687	0.00091	-0.00190477	0.00091	0.00228243
0.000912	0.00292662	0.000912	-0.00254896	0.000912	0.00292662
0.000914	-0.00287105	0.000914	-0.00222687	0.000914	0.00324871
0.000916	-0.00544779	0.000916	-0.00222687	0.000916	0.00292662
0.000918	0.00131615	0.000918	-0.00319315	0.000918	0.00131615
0.00092	-0.00126059	0.00092	-0.00222687	0.00092	0.00324871
0.000922	-0.00576989	0.000922	-0.00222687	0.000922	0.00260452
0.000924	-0.00287105	0.000924	-0.00190477	0.000924	0.00260452
0.000926	0.00196034	0.000926	-0.00287105	0.000926	0.00292662
0.000928	-0.000616404	0.000928	-0.00254896	0.000928	0.00260452
0.00093	-0.00319315	0.00093	-0.00190477	0.00093	0.00260452
0.000932	2.78E-05	0.000932	-0.00158268	0.000932	0.00228243
0.000934	-0.00126059	0.000934	-0.00222687	0.000934	0.00260452
0.000936	-0.00351524	0.000936	-0.00254896	0.000936	0.00260452
0.000938	-0.000294312	0.000938	-0.00190477	0.000938	0.00260452
0.00094	0.000994059	0.00094	-0.00254896	0.00094	0.00421499
0.000942	0.00131615	0.000942	-0.00222687	0.000942	0.00292662
0.000944	-0.00351524	0.000944	-0.00254896	0.000944	0.00260452
0.000946	-0.00190477	0.000946	-0.00222687	0.000946	0.00260452
0.000948	-0.00158268	0.000948	-0.00222687	0.000948	0.00292662
0.00095	-0.00126059	0.00095	-0.00190477	0.00095	0.00228243
0.000952	-0.00287105	0.000952	-0.00222687	0.000952	0.00131615
0.000954	-0.00222687	0.000954	-0.00254896	0.000954	0.00228243
0.000956	-0.000938497	0.000956	-0.00254896	0.000956	0.00324871
0.000958	-0.00383733	0.000958	-0.00190477	0.000958	0.00421499
0.00096	-0.00287105	0.00096	-0.00254896	0.00096	0.00292662
0.000962	2.78E-05	0.000962	-0.00158268	0.000962	0.00196034
0.000964	-0.000938497	0.000964	-0.00190477	0.000964	0.00260452
0.000966	-0.00287105	0.000966	-0.00254896	0.000966	0.00228243
0.000968	-0.00287105	0.000968	-0.00190477	0.000968	0.00196034
0.00097	0.00260452	0.00097	-0.00254896	0.00097	0.00324871
0.000972	-0.00319315	0.000972	-0.00222687	0.000972	0.00196034
0.000974	-0.00190477	0.000974	-0.00222687	0.000974	0.0035708
0.000976	-0.000616404	0.000976	-0.00222687	0.000976	0.00260452
0.000978	0.000349874	0.000978	-0.00190477	0.000978	0.00260452
0.00098	-0.00222687	0.00098	-0.00190477	0.00098	0.00389289
0.000982	-0.00287105	0.000982	-0.00254896	0.000982	0.00228243
0.000984	0.00163824	0.000984	-0.00319315	0.000984	0.00260452
0.000986	-0.000938497	0.000986	-0.00222687	0.000986	0.00292662
0.000988	-0.00158268	0.000988	-0.00190477	0.000988	0.0035708
0.00099	-0.00254896	0.00099	-0.00190477	0.00099	0.00196034
0.000992	0.00228243	0.000992	-0.00254896	0.000992	0.00324871
0.000994	0.000349874	0.000994	-0.00222687	0.000994	0.0035708
0.000996	-0.00415942	0.000996	-0.00222687	0.000996	0.00324871
0.000998	0.00389289	0.000998	-0.00254896	0.000998	0.0483417
