Time	Noise
2.00E-06	5.0035
4.00E-06	5.00124
6.00E-06	4.99673
8.00E-06	4.99673
1.00E-05	5.00446
1.20E-05	5.00189
1.40E-05	5.00382
1.60E-05	5.00414
1.80E-05	5.00414
2.00E-05	5.00446
2.20E-05	5.00189
2.40E-05	5.00575
2.60E-05	5.00382
2.80E-05	5.00414
3.00E-05	5.00607
3.20E-05	5.0064
3.40E-05	5.00607
3.60E-05	5.00253
3.80E-05	5.0064
4.00E-05	5.00607
4.20E-05	5.00479
4.40E-05	5.00768
4.60E-05	5.00704
4.80E-05	5.00768
5.00E-05	5.00607
5.20E-05	5.00768
5.40E-05	5.01091
5.60E-05	5.0064
5.80E-05	5.00736
6.00E-05	5.0064
6.20E-05	5.00897
6.40E-05	5.00543
6.60E-05	5.00736
6.80E-05	5.00962
7.00E-05	5.00704
7.20E-05	5.00704
7.40E-05	5.01058
7.60E-05	5.01155
7.80E-05	5.00607
8.00E-05	5.00768
8.20E-05	5.00897
8.40E-05	5.00672
8.60E-05	5.00865
8.80E-05	5.00865
9.00E-05	5.00962
9.20E-05	5.00672
9.40E-05	5.0064
9.60E-05	5.00768
9.80E-05	5.00801
1.00E-04	5.00704
0.000102	5.00575
0.000104	5.01155
0.000106	5.00704
0.000108	5.00479
0.00011	5.00962
0.000112	5.00704
0.000114	5.00479
0.000116	5.00511
0.000118	5.00897
0.00012	5.00833
0.000122	5.00479
0.000124	5.00736
0.000126	5.00962
0.000128	5.00704
0.00013	5.00575
0.000132	5.00833
0.000134	5.00929
0.000136	5.00607
0.000138	5.00801
0.00014	5.00768
0.000142	5.00801
0.000144	5.00865
0.000146	5.00704
0.000148	5.00929
0.00015	5.00479
0.000152	5.0064
0.000154	5.01058
0.000156	5.00833
0.000158	5.00704
0.00016	5.00736
0.000162	5.01155
0.000164	5.00704
0.000166	5.00672
0.000168	5.01155
0.00017	5.00897
0.000172	5.00929
0.000174	5.00446
0.000176	5.01252
0.000178	5.00929
0.00018	5.00672
0.000182	5.00801
0.000184	5.00994
0.000186	5.00833
0.000188	5.00768
0.00019	5.00801
0.000192	5.00897
0.000194	5.0064
0.000196	5.00736
0.000198	5.00929
0.0002	5.01155
0.000202	5.0064
0.000204	5.01026
0.000206	5.01026
0.000208	5.00865
0.00021	5.00801
0.000212	5.00865
0.000214	5.01123
0.000216	5.00511
0.000218	5.01187
0.00022	5.01123
0.000222	5.00897
0.000224	5.00897
0.000226	5.01026
0.000228	5.01284
0.00023	5.00511
0.000232	5.00736
0.000234	5.00865
0.000236	5.00768
0.000238	5.00768
0.00024	5.00801
0.000242	5.01445
0.000244	5.0064
0.000246	5.00768
0.000248	5.01091
0.00025	5.00607
0.000252	5.00607
0.000254	5.00736
0.000256	5.01413
0.000258	5.00897
0.00026	5.00801
0.000262	5.00929
0.000264	5.00929
0.000266	5.00479
0.000268	5.00672
0.00027	5.00833
0.000272	5.01026
0.000274	5.00736
0.000276	5.00929
0.000278	5.01123
0.00028	5.00865
0.000282	5.00704
0.000284	5.00736
0.000286	5.00768
0.000288	5.0064
0.00029	5.00672
0.000292	5.00962
0.000294	5.00865
0.000296	5.00607
0.000298	5.00768
0.0003	5.01058
0.000302	5.00672
0.000304	5.00672
0.000306	5.00929
0.000308	5.00865
0.00031	5.00801
0.000312	5.00704
0.000314	5.01058
0.000316	5.00736
0.000318	5.00736
0.00032	5.00865
0.000322	5.00833
0.000324	5.00833
0.000326	5.00446
0.000328	5.00929
0.00033	5.00704
0.000332	5.00575
0.000334	5.00768
0.000336	5.00865
0.000338	5.01058
0.00034	5.0064
0.000342	5.00929
0.000344	5.00833
0.000346	5.00672
0.000348	5.00833
0.00035	5.00672
0.000352	5.01187
0.000354	5.00768
0.000356	5.01058
0.000358	5.00994
0.00036	5.00962
0.000362	5.00929
0.000364	5.00865
0.000366	5.01348
0.000368	5.00672
0.00037	5.00962
0.000372	5.01091
0.000374	5.00768
0.000376	5.0064
0.000378	5.00929
0.00038	5.01187
0.000382	5.00865
0.000384	5.00768
0.000386	5.01058
0.000388	5.01026
0.00039	5.00575
0.000392	5.00768
0.000394	5.01155
0.000396	5.00897
0.000398	5.00736
0.0004	5.00962
0.000402	5.00994
0.000404	5.00704
0.000406	5.00801
0.000408	5.01058
0.00041	5.01026
0.000412	5.00833
0.000414	5.00994
0.000416	5.01123
0.000418	5.00704
0.00042	5.00736
0.000422	5.00929
0.000424	5.01155
0.000426	5.00801
0.000428	5.00897
0.00043	5.01026
0.000432	5.00704
0.000434	5.00929
0.000436	5.00929
0.000438	5.01155
0.00044	5.00672
0.000442	5.00897
0.000444	5.00962
0.000446	5.01187
0.000448	5.00575
0.00045	5.00672
0.000452	5.01123
0.000454	5.00801
0.000456	5.00672
0.000458	5.00801
0.00046	5.00962
0.000462	5.00768
0.000464	5.00414
0.000466	5.01123
0.000468	5.00833
0.00047	5.00768
0.000472	5.01091
0.000474	5.00962
0.000476	5.00833
0.000478	5.00543
0.00048	5.01058
0.000482	5.00962
0.000484	5.00801
0.000486	5.00768
0.000488	5.00833
0.00049	5.01187
0.000492	5.00736
0.000494	5.01123
0.000496	5.00962
0.000498	5.00929
0.0005	5.00962
0.000502	5.00994
0.000504	5.01155
0.000506	5.00736
0.000508	5.00929
0.00051	5.00994
0.000512	5.00929
0.000514	5.00865
0.000516	5.00833
0.000518	5.01123
0.00052	5.00704
0.000522	5.00865
0.000524	5.01058
0.000526	5.00994
0.000528	5.00801
0.00053	5.00801
0.000532	5.00994
0.000534	5.00865
0.000536	5.00704
0.000538	5.01058
0.00054	5.00994
0.000542	5.00994
0.000544	5.00801
0.000546	5.01284
0.000548	5.01091
0.00055	5.00801
0.000552	5.01026
0.000554	5.01058
0.000556	5.00801
0.000558	5.00801
0.00056	5.00962
0.000562	5.01123
0.000564	5.00607
0.000566	5.00801
0.000568	5.01026
0.00057	5.00865
0.000572	5.0064
0.000574	5.01026
0.000576	5.01058
0.000578	5.00801
0.00058	5.00768
0.000582	5.01123
0.000584	5.00994
0.000586	5.00801
0.000588	5.00801
0.00059	5.00962
0.000592	5.00897
0.000594	5.00607
0.000596	5.00994
0.000598	5.00994
0.0006	5.0064
0.000602	5.00704
0.000604	5.01284
0.000606	5.00865
0.000608	5.00672
0.00061	5.00962
0.000612	5.00962
0.000614	5.00962
0.000616	5.0064
0.000618	5.01058
0.00062	5.00929
0.000622	5.00736
0.000624	5.01058
0.000626	5.01058
0.000628	5.00833
0.00063	5.00801
0.000632	5.01219
0.000634	5.00865
0.000636	5.00736
0.000638	5.01026
0.00064	5.00768
0.000642	5.01026
0.000644	5.00607
0.000646	5.00929
0.000648	5.00929
0.00065	5.00962
0.000652	5.00736
0.000654	5.00897
0.000656	5.00994
0.000658	5.0064
0.00066	5.00736
0.000662	5.00897
0.000664	5.00897
0.000666	5.00575
0.000668	5.00929
0.00067	5.01219
0.000672	5.00704
0.000674	5.00768
0.000676	5.01091
0.000678	5.01155
0.00068	5.00575
0.000682	5.00768
0.000684	5.01348
0.000686	5.00801
0.000688	5.00672
0.00069	5.01058
0.000692	5.01187
0.000694	5.00833
0.000696	5.0064
0.000698	5.01219
0.0007	5.01091
0.000702	5.00736
0.000704	5.01058
0.000706	5.01252
0.000708	5.00801
0.00071	5.00897
0.000712	5.01026
0.000714	5.01123
0.000716	5.00543
0.000718	5.01026
0.00072	5.01155
0.000722	5.00897
0.000724	5.00833
0.000726	5.01091
0.000728	5.01187
0.00073	5.00672
0.000732	5.00929
0.000734	5.01026
0.000736	5.01026
0.000738	5.01058
0.00074	5.0064
0.000742	5.01058
0.000744	5.00736
0.000746	5.00801
0.000748	5.01252
0.00075	5.01026
0.000752	5.00833
0.000754	5.00736
0.000756	5.01187
0.000758	5.00994
0.00076	5.00736
0.000762	5.00962
0.000764	5.01219
0.000766	5.00962
0.000768	5.00768
0.00077	5.01252
0.000772	5.00994
0.000774	5.00865
0.000776	5.00897
0.000778	5.01123
0.00078	5.01123
0.000782	5.00672
0.000784	5.01123
0.000786	5.00801
0.000788	5.00607
0.00079	5.00865
0.000792	5.01026
0.000794	5.01091
0.000796	5.00607
0.000798	5.00897
0.0008	5.01026
0.000802	5.00801
0.000804	5.00768
0.000806	5.00704
0.000808	5.0138
0.00081	5.0064
0.000812	5.0064
0.000814	5.01026
0.000816	5.00801
0.000818	5.00801
0.00082	5.00801
0.000822	5.01155
0.000824	5.00672
0.000826	5.00801
0.000828	5.01058
0.00083	5.00929
0.000832	5.00736
0.000834	5.00768
0.000836	5.01187
0.000838	5.00833
0.00084	5.00768
0.000842	5.00897
0.000844	5.00929
0.000846	5.00736
0.000848	5.00801
0.00085	5.01091
0.000852	5.01091
0.000854	5.00736
0.000856	5.01091
0.000858	5.00994
0.00086	5.00929
0.000862	5.00801
0.000864	5.01026
0.000866	5.01187
0.000868	5.0064
0.00087	5.00897
0.000872	5.01058
0.000874	5.00865
0.000876	5.00801
0.000878	5.00929
0.00088	5.01026
0.000882	5.00704
0.000884	5.00929
0.000886	5.01058
0.000888	5.00962
0.00089	5.0064
0.000892	5.00865
0.000894	5.01058
0.000896	5.00704
0.000898	5.00833
0.0009	5.01058
0.000902	5.00962
0.000904	5.00865
0.000906	5.00704
0.000908	5.00929
0.00091	5.00801
0.000912	5.00994
0.000914	5.00897
0.000916	5.01091
0.000918	5.00897
0.00092	5.00446
0.000922	5.01123
0.000924	5.00962
0.000926	5.00768
0.000928	5.00768
0.00093	5.00962
0.000932	5.01058
0.000934	5.0064
0.000936	5.00897
0.000938	5.01026
0.00094	5.00768
0.000942	5.00962
0.000944	5.00801
0.000946	5.01187
0.000948	5.00801
0.00095	5.00801
0.000952	5.00865
0.000954	5.00704
0.000956	5.00736
0.000958	5.00833
0.00096	5.0138
0.000962	5.00672
0.000964	5.00704
0.000966	5.01219
0.000968	5.00833
0.00097	5.00897
0.000972	5.00897
0.000974	5.01123
0.000976	5.00929
0.000978	5.00897
0.00098	5.00929
0.000982	5.00962
0.000984	5.00962
0.000986	5.00446
